block_id,gain_per_block,n_products,product_cumsum
21,22526.54000000001,10,10
530,17448.650000000005,10,20
1121,17395.250000000015,10,30
2671,16191.150000000012,8,38
442,15724.950000000003,10,48
418,15717.800000000008,9,57
1403,15263.150000000005,10,67
1677,15195.900000000009,9,76
1409,15132.000000000004,7,83
1446,14989.25000000001,10,93
1033,14778.150000000005,9,102
560,14446.600000000006,8,110
387,14299.800000000005,8,118
1143,14104.00000000001,10,128
546,14013.250000000005,9,137
1283,13960.600000000004,9,146
2442,13760.950000000004,4,150
851,13408.750000000011,10,160
1274,13210.050000000008,9,169
2145,13159.720000000001,10,179
2240,13031.55000000001,8,187
2173,12984.600000000006,6,193
487,12760.180000000011,8,201
2195,12714.550000000012,9,210
315,12555.700000000003,8,218
2700,12528.400000000005,6,224
1166,12327.950000000008,5,229
1765,12254.270000000002,9,238
773,12224.399999999998,10,248
1747,12209.850000000008,10,258
812,12200.550000000001,8,266
879,12079.290000000005,7,273
2608,12003.300000000003,8,281
165,11983.650000000001,2,283
2103,11916.500000000007,9,292
2745,11856.850000000006,9,301
1247,11838.990000000007,9,310
301,11812.550000000008,8,318
1580,11714.950000000006,8,326
661,11713.950000000008,5,331
447,11604.600000000004,7,338
522,11495.300000000003,8,346
314,11388.410000000009,10,356
2574,11369.400000000009,10,366
1554,11340.900000000014,10,376
320,11305.450000000012,10,386
1601,11201.1,10,396
904,11115.800000000007,9,405
2048,11081.800000000012,9,414
2644,11079.700000000008,10,424
1860,11027.400000000005,7,431
933,10992.100000000004,9,440
2037,10989.800000000003,4,444
1507,10985.050000000008,10,454
361,10957.800000000007,8,462
2446,10934.400000000003,6,468
1438,10932.30000000001,9,477
846,10811.700000000004,8,485
1826,10806.750000000005,10,495
2344,10793.050000000007,10,505
110,10626.750000000007,10,515
1240,10608.000000000007,8,523
183,10519.050000000005,3,526
1964,10363.430000000006,9,535
2610,10353.300000000008,10,545
430,10339.150000000007,10,555
1911,10338.900000000005,4,559
1691,10324.600000000002,10,569
1309,10320.990000000005,10,579
505,10320.65000000001,10,589
1252,10274.300000000003,6,595
1441,10229.600000000006,8,603
990,10166.600000000006,9,612
606,10131.650000000007,8,620
2555,10107.350000000008,8,628
1857,10098.90000000001,9,637
1463,10096.05000000001,10,647
932,10057.150000000007,9,656
2705,10020.100000000002,8,664
1572,9931.850000000002,6,670
726,9910.300000000001,10,680
2433,9906.230000000012,9,689
2706,9902.300000000007,10,699
216,9868.500000000004,7,706
181,9857.150000000005,8,714
1058,9810.650000000003,2,716
82,9787.400000000007,10,726
1710,9761.740000000002,10,736
1735,9754.400000000003,10,746
2592,9731.900000000001,10,756
1809,9677.450000000006,9,765
1273,9647.650000000007,8,773
1348,9640.500000000002,6,779
626,9636.509999999998,9,788
1294,9591.500000000007,8,796
1850,9590.400000000001,1,797
1410,9577.150000000001,9,806
585,9567.45,2,808
779,9537.61,7,815
2704,9536.0,2,817
2566,9533.25000000001,6,823
1124,9530.200000000013,9,832
2008,9511.900000000007,5,837
2625,9453.599999999999,5,842
1645,9442.850000000002,5,847
1879,9412.700000000012,9,856
2735,9407.150000000003,10,866
1671,9346.550000000003,7,873
2223,9256.700000000003,10,883
918,9256.550000000003,9,892
1492,9221.500000000007,9,901
2033,9176.200000000003,7,908
1115,9167.350000000008,3,911
2742,9141.850000000008,9,920
1913,9115.100000000002,8,928
2290,9092.800000000014,10,938
2109,9060.500000000007,8,946
2254,9038.950000000004,4,950
847,9013.750000000004,7,957
1834,8923.600000000002,10,967
2526,8895.10000000001,10,977
1887,8885.300000000005,6,983
2087,8862.750000000005,10,993
2578,8825.200000000003,5,998
549,8800.80000000001,10,1008
728,8789.150000000001,5,1013
2699,8786.700000000008,10,1023
1027,8759.170000000006,8,1031
2264,8730.150000000003,8,1039
1501,8695.900000000005,5,1044
840,8669.350000000011,10,1054
2593,8649.200000000003,7,1061
256,8640.700000000003,6,1067
2390,8607.950000000006,7,1074
1187,8576.860000000006,9,1083
388,8572.000000000004,8,1091
1679,8554.300000000001,4,1095
1700,8531.650000000005,3,1098
2296,8530.300000000001,9,1107
1939,8528.95000000001,10,1117
2160,8524.000000000005,6,1123
554,8512.200000000006,10,1133
671,8474.350000000006,10,1143
1551,8469.560000000005,5,1148
1651,8452.050000000005,7,1155
2478,8412.630000000003,10,1165
1706,8404.900000000005,10,1175
1183,8390.250000000004,9,1184
1083,8389.050000000005,9,1193
185,8382.150000000005,7,1200
2616,8379.530000000002,5,1205
1829,8379.000000000005,9,1214
2666,8366.650000000001,10,1224
1022,8353.150000000003,7,1231
1588,8330.950000000004,6,1237
1393,8324.800000000003,10,1247
1352,8293.600000000002,8,1255
1794,8286.4,10,1265
1575,8280.95,10,1275
666,8278.200000000003,8,1283
1902,8260.350000000002,9,1292
1882,8259.200000000003,4,1296
963,8247.6,8,1304
428,8227.65,9,1313
1471,8206.2,8,1321
2265,8198.5,8,1329
1903,8185.849999999998,8,1337
2733,8175.199999999998,8,1345
2148,8158.25,8,1353
439,8153.199999999999,1,1354
91,8108.649999999998,10,1364
1378,8101.849999999999,8,1372
1248,8099.249999999998,9,1381
953,8098.499999999999,8,1389
1830,8097.849999999995,10,1399
355,8088.399999999998,10,1409
1940,8083.549999999997,9,1418
651,8043.799999999997,9,1427
2098,8041.3,10,1437
790,8040.149999999999,6,1443
359,8039.199999999996,10,1453
2010,8038.3499999999985,6,1459
115,8014.299999999997,8,1467
1255,8002.999999999997,8,1475
1408,7998.099999999999,8,1483
237,7993.499999999998,9,1492
39,7986.549999999997,8,1500
1444,7982.519999999998,10,1510
976,7956.799999999999,10,1520
1211,7951.299999999997,9,1529
2533,7943.199999999997,10,1539
1858,7942.649999999999,7,1546
1771,7937.999999999997,8,1554
2525,7913.649999999998,9,1563
2163,7905.049999999997,9,1572
2489,7870.699999999999,5,1577
1632,7861.8,8,1585
2423,7856.349999999996,10,1595
2646,7841.799999999997,8,1603
2443,7831.299999999999,6,1609
1495,7830.649999999996,10,1619
8,7825.650000000001,1,1620
2005,7817.749999999998,6,1626
814,7804.949999999995,8,1634
1509,7804.9,10,1644
2347,7804.0999999999985,9,1653
676,7797.749999999999,6,1659
1880,7789.089999999997,7,1666
1308,7781.899999999999,4,1670
498,7769.999999999997,10,1680
1469,7768.9,9,1689
2123,7767.149999999997,8,1697
424,7740.099999999998,5,1702
453,7733.349999999996,9,1711
432,7733.249999999999,8,1719
436,7727.850000000001,6,1725
1367,7719.029999999997,10,1735
2147,7706.449999999999,8,1743
553,7692.249999999998,8,1751
1236,7688.25,9,1760
25,7681.869999999997,8,1768
2318,7679.899999999999,4,1772
2243,7679.399999999998,9,1781
861,7678.149999999999,4,1785
705,7668.299999999999,10,1795
333,7617.399999999999,6,1801
1133,7602.649999999998,6,1807
2316,7597.199999999997,10,1817
303,7569.399999999997,7,1824
822,7533.409999999997,9,1833
1070,7526.0999999999985,9,1842
1653,7524.25,6,1848
369,7507.129999999997,10,1858
63,7497.849999999999,7,1865
2035,7495.599999999999,9,1874
982,7464.0999999999985,7,1881
1577,7453.289999999999,8,1889
2,7431.8499999999985,7,1896
845,7427.0599999999995,9,1905
411,7423.05,4,1909
2004,7409.949999999997,10,1919
341,7403.649999999998,8,1927
1188,7362.949999999997,10,1937
68,7358.349999999998,10,1947
2639,7357.859999999999,6,1953
2194,7352.699999999998,6,1959
358,7345.229999999998,7,1966
2557,7345.05,3,1969
1214,7344.049999999998,5,1974
1338,7343.499999999998,9,1983
1950,7335.599999999999,10,1993
276,7327.849999999998,7,2000
2207,7299.499999999998,10,2010
2115,7287.249999999995,10,2020
1888,7275.049999999998,8,2028
1048,7273.849999999999,7,2035
2600,7246.349999999999,7,2042
1973,7242.739999999997,9,2051
595,7201.799999999998,10,2061
2131,7197.699999999999,7,2068
1407,7187.95,8,2076
1948,7183.299999999999,10,2086
105,7161.499999999999,7,2093
2374,7155.249999999998,10,2103
409,7154.579999999999,9,2112
2143,7150.399999999998,10,2122
1822,7138.749999999997,8,2130
2410,7117.7,6,2136
2488,7113.049999999998,9,2145
2734,7099.549999999999,9,2154
714,7079.899999999999,7,2161
1728,7064.399999999998,10,2171
1678,7062.399999999998,8,2179
477,7062.199999999998,9,2188
1521,7058.8499999999985,8,2196
1356,7051.049999999998,9,2205
192,7046.349999999998,7,2212
1582,7044.249999999998,8,2220
344,7039.349999999995,8,2228
1699,7026.049999999999,6,2234
1331,7026.049999999998,10,2244
173,7025.499999999995,10,2254
753,7024.949999999998,3,2257
2356,6993.749999999998,10,2267
1583,6992.15,9,2276
1399,6971.699999999999,5,2281
2303,6966.599999999998,10,2291
2276,6953.799999999998,8,2299
1277,6926.249999999998,10,2309
2319,6915.049999999999,10,2319
66,6909.449999999998,8,2327
2612,6909.399999999999,7,2334
2515,6907.899999999997,5,2339
2377,6899.949999999999,7,2346
390,6893.149999999999,3,2349
2137,6889.599999999999,8,2357
1954,6882.899999999998,8,2365
302,6872.499999999997,9,2374
569,6860.199999999997,10,2384
763,6856.44,9,2393
1069,6844.0,4,2397
478,6843.199999999998,10,2407
2548,6837.449999999999,5,2412
1212,6835.949999999998,9,2421
231,6820.999999999999,3,2424
2094,6815.149999999998,9,2433
2233,6804.899999999997,8,2441
6,6802.8499999999985,8,2449
962,6796.149999999999,10,2459
2511,6792.249999999997,9,2468
1478,6784.15,10,2478
1750,6779.949999999998,8,2486
1593,6775.749999999998,5,2491
2601,6763.599999999997,8,2499
384,6728.149999999998,7,2506
950,6690.3499999999985,4,2510
2701,6675.25,9,2519
1847,6671.3499999999985,7,2526
1318,6649.149999999998,10,2536
2753,6640.6,9,2545
959,6629.699999999996,8,2553
774,6627.749999999999,5,2558
786,6626.499999999998,9,2567
1686,6614.499999999999,10,2577
2312,6593.399999999999,8,2585
2396,6593.299999999998,10,2595
968,6581.8499999999985,9,2604
1522,6569.899999999998,9,2613
1097,6565.449999999999,9,2622
1918,6551.399999999999,10,2632
2355,6550.35,3,2635
1054,6544.489999999995,10,2645
1731,6543.599999999998,10,2655
792,6537.249999999998,10,2665
9,6529.199999999999,6,2671
1527,6489.599999999997,9,2680
1479,6487.149999999999,9,2689
2595,6478.899999999998,9,2698
1043,6469.699999999999,8,2706
246,6454.699999999997,8,2714
1,6438.299999999997,7,2721
4,6424.999999999998,10,2731
313,6421.8899999999985,8,2739
1476,6419.389999999998,10,2749
1561,6413.449999999999,5,2754
2387,6410.749999999998,10,2764
17,6372.0999999999985,7,2771
2009,6323.899999999996,10,2781
261,6312.249999999998,8,2789
1418,6306.849999999998,6,2795
2680,6303.5999999999985,8,2803
617,6295.749999999997,5,2808
1045,6292.799999999998,5,2813
2133,6281.3499999999985,8,2821
467,6270.449999999997,8,2829
1729,6251.599999999997,7,2836
2000,6237.749999999998,5,2841
1427,6220.199999999997,10,2851
2510,6207.999999999997,9,2860
2364,6198.649999999998,7,2867
1404,6191.84,8,2875
1260,6187.149999999999,5,2880
1683,6186.399999999997,10,2890
2569,6185.499999999999,4,2894
2220,6182.399999999998,5,2899
2269,6180.499999999999,8,2907
1422,6180.099999999997,8,2915
2506,6164.549999999998,10,2925
1474,6155.949999999995,7,2932
1148,6133.950000000001,4,2936
520,6131.199999999997,8,2944
80,6121.949999999999,8,2952
993,6121.4,5,2957
1935,6120.049999999995,10,2967
191,6096.929999999999,6,2973
2253,6093.65,7,2980
1719,6060.649999999997,7,2987
2613,6059.899999999999,10,2997
108,6055.999999999996,7,3004
444,6047.5499999999965,10,3014
1917,6042.199999999998,9,3023
2108,6012.549999999999,4,3027
638,6003.599999999999,6,3033
1489,5998.0499999999965,7,3040
1000,5980.249999999999,5,3045
756,5980.0999999999985,8,3053
1730,5961.0199999999995,7,3060
226,5950.5999999999985,7,3067
966,5950.249999999997,8,3075
2456,5926.849999999999,5,3080
501,5926.049999999998,10,3090
2370,5920.899999999998,9,3099
1951,5917.799999999999,6,3105
970,5912.2,7,3112
2268,5909.899999999998,10,3122
1079,5900.699999999999,5,3127
417,5899.549999999998,7,3134
1835,5891.269999999997,8,3142
410,5885.749999999999,9,3151
184,5863.949999999998,10,3161
2028,5857.089999999999,9,3170
716,5856.999999999998,8,3178
2621,5856.399999999999,9,3187
2261,5856.399999999999,9,3196
1666,5844.949999999997,10,3206
1732,5841.499999999998,7,3213
2306,5838.749999999999,3,3216
145,5826.3499999999985,10,3226
2660,5825.029999999998,7,3233
2746,5822.749999999998,10,3243
1132,5815.749999999998,10,3253
1635,5807.579999999999,8,3261
490,5807.249999999999,7,3268
1513,5798.549999999998,10,3278
1280,5795.499999999998,10,3288
1958,5793.0,4,3292
1041,5782.249999999999,8,3300
2676,5777.699999999998,7,3307
885,5761.299999999998,10,3317
74,5756.449999999999,7,3324
1511,5735.449999999998,5,3329
535,5732.099999999999,8,3337
513,5720.449999999998,7,3344
504,5717.699999999999,8,3352
839,5711.0999999999985,7,3359
935,5704.699999999999,3,3362
2702,5704.0999999999985,8,3370
1454,5695.249999999999,6,3376
2155,5691.149999999997,9,3385
519,5690.499999999998,3,3388
1589,5676.449999999997,7,3395
1971,5674.649999999998,9,3404
1874,5671.199999999995,9,3413
1869,5659.349999999997,9,3422
1141,5652.899999999997,9,3431
422,5647.649999999997,6,3437
252,5619.65,7,3444
2710,5605.4,10,3454
2187,5602.849999999998,10,3464
2452,5602.399999999999,8,3472
1270,5597.4,6,3478
194,5578.149999999998,10,3488
2665,5565.499999999997,10,3498
1631,5562.199999999996,7,3505
380,5557.099999999998,7,3512
2661,5554.369999999998,8,3520
1998,5544.45,5,3525
1756,5543.94,6,3531
1383,5537.849999999998,8,3539
1854,5534.949999999999,6,3545
938,5534.049999999998,7,3552
1737,5531.879999999998,7,3559
1749,5529.5499999999965,6,3565
1815,5527.699999999999,8,3573
795,5526.499999999997,5,3578
151,5525.4,9,3587
1709,5520.449999999999,9,3596
1586,5505.449999999998,9,3605
1412,5492.549999999998,5,3610
2128,5486.5999999999985,6,3616
1390,5485.949999999999,3,3619
1011,5470.3499999999985,8,3627
299,5469.699999999998,10,3637
347,5466.349999999998,9,3646
2342,5464.749999999999,7,3653
2632,5461.499999999997,9,3662
1953,5459.249999999999,6,3668
1292,5459.249999999997,8,3676
508,5424.609999999998,6,3682
995,5422.299999999999,4,3686
2082,5419.699999999998,9,3695
2544,5419.449999999998,8,3703
2429,5417.849999999999,6,3709
724,5416.999999999998,9,3718
1897,5390.469999999998,3,3721
658,5387.75,10,3731
2394,5384.449999999997,7,3738
581,5376.799999999997,9,3747
507,5370.099999999999,5,3752
2171,5369.5999999999985,4,3756
2439,5362.15,8,3764
1205,5353.349999999997,8,3772
2571,5338.649999999997,10,3782
711,5330.399999999997,8,3790
2763,5323.649999999999,5,3795
2084,5305.799999999999,4,3799
1275,5300.249999999997,8,3807
2391,5290.149999999999,4,3811
670,5289.3,4,3815
1893,5285.55,3,3818
1845,5246.4,3,3821
83,5222.249999999999,7,3828
1487,5219.8899999999985,9,3837
2159,5198.8499999999985,5,3842
511,5198.8499999999985,7,3849
1724,5196.649999999999,9,3858
1369,5195.249999999998,7,3865
867,5194.649999999998,7,3872
2673,5192.4,3,3875
952,5179.249999999997,6,3881
419,5176.749999999999,9,3890
1625,5164.749999999998,9,3899
2739,5164.349999999999,3,3902
1539,5160.849999999998,10,3912
664,5150.5999999999985,7,3919
1453,5147.749999999997,8,3927
1266,5147.649999999998,8,3935
2518,5140.799999999997,7,3942
1420,5133.9,5,3947
761,5127.099999999998,9,3956
806,5126.049999999997,6,3962
465,5125.7,6,3968
1614,5117.679999999998,9,3977
927,5102.449999999999,4,3981
267,5099.929999999997,8,3989
119,5094.229999999996,9,3998
2695,5086.499999999999,8,4006
2206,5086.199999999999,4,4010
131,5086.149999999997,8,4018
1116,5085.449999999999,10,4028
1810,5081.149999999997,9,4037
1714,5067.899999999999,10,4047
834,5063.349999999999,8,4055
2066,5054.599999999999,5,4060
848,5051.449999999998,9,4069
813,5048.979999999997,10,4079
1105,5044.049999999998,5,4084
1164,5041.049999999997,8,4092
652,5040.65,6,4098
1173,5040.499999999998,7,4105
2331,5036.299999999998,7,4112
2062,5034.5999999999985,10,4122
19,5030.949999999999,9,4131
1514,5028.219999999996,9,4140
190,5025.499999999996,10,4150
1883,5020.699999999998,10,4160
1437,5018.949999999999,8,4168
2193,5008.9,6,4174
1080,5007.249999999998,4,4178
1863,5006.249999999999,10,4188
1100,4997.5999999999985,6,4194
572,4983.559999999998,10,4204
627,4978.499999999998,9,4213
1695,4966.799999999999,4,4217
1784,4960.449999999998,8,4225
2417,4955.199999999997,8,4233
841,4943.249999999999,10,4243
198,4942.2999999999965,10,4253
294,4941.599999999999,7,4260
482,4941.299999999997,6,4266
1302,4936.329999999997,10,4276
2078,4932.0,6,4282
2068,4926.549999999997,3,4285
368,4920.249999999999,10,4295
431,4913.549999999997,7,4302
310,4912.199999999998,10,4312
162,4907.199999999998,9,4321
2289,4907.099999999998,10,4331
2015,4897.749999999999,5,4336
1612,4895.749999999998,6,4342
1450,4893.15,5,4347
404,4873.9,6,4353
2354,4872.749999999999,7,4360
2038,4871.699999999997,7,4367
1783,4867.699999999996,9,4376
2183,4863.899999999999,9,4385
1109,4858.489999999999,10,4395
580,4856.399999999999,5,4400
2231,4850.049999999998,7,4407
60,4849.949999999998,9,4416
1078,4849.089999999998,5,4421
1967,4846.699999999998,5,4426
1256,4839.549999999999,7,4433
1103,4828.949999999998,8,4441
1425,4828.649999999998,7,4448
1215,4823.129999999998,8,4456
1712,4817.249999999999,7,4463
1914,4813.199999999999,7,4470
2273,4808.900000000001,10,4480
2527,4807.749999999997,9,4489
1905,4800.899999999999,5,4494
1237,4797.949999999998,4,4498
1568,4788.699999999999,10,4508
1840,4787.299999999998,9,4517
1177,4783.349999999997,8,4525
1797,4781.999999999998,7,4532
2736,4773.2,5,4537
872,4755.049999999999,9,4546
1344,4746.149999999997,9,4555
657,4744.099999999999,6,4561
730,4733.459999999999,9,4570
1221,4733.199999999996,9,4579
913,4729.549999999999,4,4583
941,4726.229999999999,10,4593
2389,4724.999999999997,8,4601
1875,4722.500000000001,3,4604
736,4722.349999999996,9,4613
456,4721.199999999998,6,4619
243,4712.799999999999,6,4625
1981,4705.499999999997,6,4631
1218,4702.8499999999985,10,4641
2535,4698.249999999999,8,4649
1319,4693.549999999999,4,4653
2531,4684.449999999997,10,4663
2208,4677.249999999998,5,4668
78,4658.75,3,4671
1579,4656.299999999997,6,4677
144,4655.549999999999,2,4679
2597,4654.849999999999,9,4688
1262,4653.699999999999,8,4696
1385,4651.549999999999,3,4699
457,4642.399999999999,9,4708
137,4639.649999999997,8,4716
139,4638.099999999998,10,4726
631,4624.349999999998,7,4733
649,4621.549999999999,10,4743
2200,4612.949999999998,5,4748
2405,4611.149999999998,10,4758
1051,4607.3499999999985,10,4768
1738,4594.599999999998,7,4775
2046,4594.249999999999,5,4780
118,4593.799999999999,3,4783
1836,4592.549999999998,5,4788
43,4590.799999999999,9,4797
32,4582.3499999999985,7,4804
169,4575.599999999996,9,4813
1641,4565.65,2,4815
858,4562.549999999997,6,4821
1391,4559.999999999998,10,4831
2582,4557.25,8,4839
1688,4556.2,5,4844
2176,4556.099999999996,10,4854
260,4553.799999999998,9,4863
296,4552.45,6,4869
2215,4545.149999999999,7,4876
290,4541.549999999998,10,4886
1932,4540.249999999999,9,4895
1442,4536.949999999998,6,4901
2365,4529.779999999998,9,4910
919,4528.559999999997,10,4920
1449,4516.099999999999,6,4926
1186,4514.949999999996,10,4936
2117,4500.249999999999,10,4946
2756,4497.849999999999,6,4952
1793,4496.599999999999,6,4958
1005,4495.419999999998,4,4962
2575,4493.199999999998,5,4967
2482,4486.8499999999985,10,4977
1293,4483.849999999999,9,4986
2340,4481.4,10,4996
123,4480.199999999997,9,5005
1389,4473.899999999998,7,5012
2061,4473.349999999998,6,5018
362,4472.749999999998,8,5026
1477,4472.5999999999985,10,5036
1053,4471.989999999998,6,5042
1377,4468.3499999999985,9,5051
65,4464.499999999998,5,5056
619,4451.999999999999,7,5063
2614,4442.049999999998,10,5073
2335,4433.1,2,5075
2246,4429.5999999999985,7,5082
2334,4429.5999999999985,9,5091
2611,4426.599999999998,10,5101
1353,4405.049999999999,6,5107
897,4403.25,3,5110
1992,4400.249999999999,5,5115
2019,4399.3499999999985,9,5124
328,4397.65,10,5134
533,4394.199999999999,6,5140
975,4391.499999999998,7,5147
1227,4389.149999999999,7,5154
983,4379.489999999998,10,5164
1192,4364.599999999999,8,5172
1251,4364.399999999997,5,5177
831,4364.299999999999,4,5181
1370,4360.699999999998,3,5184
311,4356.449999999998,4,5188
2070,4355.999999999999,8,5196
886,4349.549999999997,7,5203
348,4347.999999999998,7,5210
1381,4342.799999999999,10,5220
1222,4341.599999999999,9,5229
1629,4339.499999999999,10,5239
1546,4337.0999999999985,6,5245
1980,4336.9,2,5247
1894,4336.45,5,5252
24,4330.049999999997,8,5260
590,4324.449999999999,3,5263
2196,4323.049999999999,7,5270
259,4321.8499999999985,8,5278
426,4321.549999999999,4,5282
0,4315.8499999999985,7,5289
2059,4315.729999999999,10,5299
459,4313.999999999999,8,5307
1744,4313.75,6,5313
1524,4313.649999999999,8,5321
1347,4308.899999999999,10,5331
1125,4303.299999999999,3,5334
2088,4302.899999999999,9,5343
1303,4290.199999999998,9,5352
253,4287.749999999998,8,5360
951,4282.149999999998,8,5368
589,4281.949999999997,9,5377
1652,4278.5999999999985,5,5382
2260,4270.249999999999,9,5391
2697,4265.299999999999,6,5397
248,4262.949999999997,10,5407
1994,4256.249999999998,10,5417
2628,4256.199999999999,7,5424
2341,4256.0999999999985,10,5434
849,4244.259999999998,10,5444
30,4238.75,5,5449
1965,4237.649999999999,9,5458
2184,4234.749999999998,8,5466
1763,4231.199999999999,5,5471
1361,4228.8499999999985,8,5479
2359,4222.949999999999,1,5480
1494,4214.97,10,5490
810,4212.3499999999985,9,5499
1189,4211.849999999999,4,5503
2598,4211.299999999998,4,5507
2320,4210.599999999999,5,5512
677,4209.0999999999985,7,5519
984,4204.699999999999,10,5529
371,4202.699999999998,8,5537
2474,4201.34,10,5547
42,4200.699999999998,6,5553
2346,4196.5,5,5558
1268,4194.949999999999,9,5567
1768,4192.65,6,5573
871,4192.65,5,5578
2252,4179.299999999998,9,5587
1108,4177.849999999999,8,5595
1447,4170.200000000001,1,5596
2281,4169.099999999998,9,5605
2594,4167.2,4,5609
1759,4162.349999999999,10,5619
2378,4153.749999999999,8,5627
777,4153.0,6,5633
853,4139.499999999999,5,5638
174,4135.299999999998,8,5646
1137,4134.949999999999,9,5655
2189,4133.949999999998,5,5660
1685,4133.299999999998,8,5668
2130,4131.55,3,5671
238,4125.7,6,5677
2153,4114.8,9,5686
2282,4113.0999999999985,6,5692
249,4105.749999999999,5,5697
741,4100.099999999999,2,5699
2339,4086.399999999998,10,5709
309,4076.699999999999,6,5715
2157,4074.9,2,5717
2495,4073.9499999999994,8,5725
878,4070.979999999999,7,5732
582,4070.3999999999996,4,5736
2420,4064.1999999999985,10,5746
1007,4046.999999999999,6,5752
978,4038.499999999999,10,5762
2134,4037.6999999999994,9,5771
956,4027.9499999999985,9,5780
2120,4020.2999999999993,9,5789
2222,4018.549999999999,5,5794
263,4012.149999999998,7,5801
1661,4010.809999999998,9,5810
1032,4007.299999999999,10,5820
2771,3997.0999999999995,7,5827
1440,3996.7999999999984,10,5837
2236,3987.8999999999987,4,5841
2522,3980.7499999999995,9,5850
669,3980.6499999999987,6,5856
473,3972.699999999999,4,5860
2558,3971.449999999999,7,5867
2667,3970.949999999999,6,5873
497,3965.8499999999985,6,5879
532,3965.1999999999985,8,5887
1314,3964.449999999998,7,5894
594,3954.3799999999983,8,5902
965,3948.1499999999987,6,5908
2693,3947.2999999999993,10,5918
2210,3946.0499999999997,3,5921
1235,3944.4499999999985,10,5931
2180,3944.3999999999996,4,5935
514,3936.3499999999995,4,5939
1223,3934.999999999999,3,5942
1742,3933.45,7,5949
327,3930.6699999999996,6,5955
379,3924.9499999999985,7,5962
1576,3923.449999999999,7,5969
1386,3914.2,10,5979
470,3912.199999999999,6,5985
1578,3909.349999999999,5,5990
242,3908.1499999999996,8,5998
2462,3903.399999999999,4,6002
1264,3890.1499999999987,5,6007
612,3883.999999999998,8,6015
2188,3879.849999999998,9,6024
2464,3875.5499999999984,8,6032
111,3861.299999999997,5,6037
1059,3853.1499999999983,8,6045
1848,3852.249999999999,10,6055
1600,3848.849999999998,10,6065
2481,3846.95,5,6070
2629,3845.349999999999,4,6074
794,3842.9999999999995,5,6079
1055,3842.309999999999,8,6087
1892,3840.8899999999994,6,6093
799,3836.8,2,6095
2659,3836.3499999999995,8,6103
16,3833.6,6,6109
1484,3808.249999999999,6,6115
860,3806.5499999999997,3,6118
1856,3805.799999999999,8,6126
2615,3804.8499999999985,7,6133
77,3801.3999999999996,5,6138
491,3801.2499999999995,3,6141
1746,3798.3999999999983,9,6150
1064,3793.1999999999985,6,6156
1413,3787.1499999999996,10,6166
1072,3784.999999999999,9,6175
2257,3784.749999999998,10,6185
620,3772.35,5,6190
293,3764.7499999999995,6,6196
2305,3761.9999999999995,5,6201
54,3755.8999999999983,8,6209
656,3754.9599999999978,10,6219
939,3749.749999999999,8,6227
2523,3747.6499999999983,10,6237
2278,3744.0499999999993,7,6244
895,3740.7199999999993,4,6248
640,3732.4599999999987,9,6257
1128,3732.4499999999985,7,6264
2224,3731.399999999998,7,6271
1808,3728.249999999999,10,6281
1813,3723.499999999997,8,6289
2302,3720.0499999999993,7,6296
1351,3719.2499999999986,10,6306
2606,3719.15,4,6310
427,3717.9999999999995,3,6313
1591,3713.2999999999993,5,6318
1149,3695.45,9,6327
2058,3685.0999999999985,8,6335
1698,3675.9499999999985,9,6344
2519,3674.4999999999973,5,6349
2167,3673.3999999999996,4,6353
2748,3671.649999999999,7,6360
765,3662.6499999999996,7,6367
1062,3656.3999999999996,7,6374
2300,3654.8999999999996,10,6384
1118,3645.8499999999995,9,6393
35,3642.9899999999984,8,6401
875,3634.199999999999,8,6409
584,3626.8999999999996,6,6415
1966,3612.6999999999994,6,6421
339,3605.2999999999993,4,6425
38,3595.9999999999995,5,6430
708,3589.8599999999988,10,6440
1434,3587.999999999999,7,6447
1429,3582.189999999999,6,6453
1606,3581.2599999999984,10,6463
350,3576.5499999999993,4,6467
455,3573.7000000000003,8,6475
2605,3568.699999999999,5,6480
2749,3554.499999999998,6,6486
929,3550.399999999999,10,6496
484,3544.7499999999995,7,6503
2263,3539.3499999999985,5,6508
2154,3535.5999999999995,8,6516
2636,3534.599999999999,9,6525
2216,3529.4999999999986,8,6533
2164,3516.9499999999966,10,6543
2026,3515.0499999999984,7,6550
2543,3509.999999999998,9,6559
14,3509.399999999999,4,6563
1789,3508.9899999999993,4,6567
987,3502.999999999999,5,6572
1460,3499.699999999999,8,6580
752,3499.3999999999987,7,6587
655,3495.9999999999995,7,6594
1989,3494.5999999999976,7,6601
2249,3479.8499999999995,4,6605
103,3477.929999999998,9,6614
273,3470.149999999999,7,6621
1804,3469.649999999998,9,6630
2623,3469.3499999999995,10,6640
23,3464.6499999999987,9,6649
451,3462.3499999999995,6,6655
234,3461.199999999999,5,6660
541,3459.0999999999985,10,6670
1800,3450.3999999999987,5,6675
2376,3449.7,4,6679
405,3446.999999999999,5,6684
168,3446.25,4,6688
784,3445.199999999999,6,6694
1050,3442.709999999998,9,6703
1623,3437.7499999999986,4,6707
2227,3422.54,5,6712
22,3413.45,9,6721
890,3396.7999999999993,7,6728
1017,3396.199999999998,6,6734
2728,3394.2499999999995,10,6744
2441,3387.499999999999,5,6749
1516,3386.5499999999993,8,6757
2178,3377.7499999999977,9,6766
1289,3377.6499999999996,7,6773
2773,3372.4999999999995,9,6782
44,3369.1499999999983,5,6787
811,3368.349999999999,5,6792
1633,3367.949999999999,7,6799
2708,3363.949999999998,9,6808
2014,3351.5999999999985,8,6816
2772,3346.2999999999975,4,6820
1467,3342.199999999998,5,6825
715,3340.8499999999995,8,6833
2064,3335.899999999999,6,6839
2762,3333.9499999999994,6,6845
1853,3322.5999999999995,5,6850
1104,3321.6,3,6853
1330,3312.549999999999,10,6863
2217,3311.7999999999993,5,6868
2604,3311.6999999999985,6,6874
1718,3309.8999999999983,4,6878
407,3305.8999999999974,10,6888
2683,3301.949999999998,7,6895
796,3300.0499999999993,6,6901
562,3292.4499999999994,6,6907
403,3283.9999999999995,5,6912
2618,3267.3499999999995,4,6916
637,3266.7999999999975,9,6925
2774,3266.2199999999984,10,6935
1717,3262.1499999999983,10,6945
632,3260.4499999999985,7,6952
1584,3259.0999999999985,9,6961
2672,3256.949999999999,6,6967
117,3256.8799999999987,8,6975
446,3253.799999999999,10,6985
374,3249.549999999999,5,6990
56,3246.7999999999984,6,6996
757,3245.8999999999996,7,7003
1515,3244.6999999999994,4,7007
329,3235.499999999999,10,7017
2398,3231.599999999999,2,7019
1194,3220.8499999999995,3,7022
1094,3219.449999999998,5,7027
737,3218.5499999999993,10,7037
2539,3208.1499999999983,9,7046
81,3205.8499999999985,10,7056
1261,3205.259999999998,10,7066
802,3201.6499999999996,4,7070
809,3199.7499999999973,8,7078
2199,3195.8999999999987,7,7085
223,3183.0499999999993,4,7089
1258,3176.8499999999985,6,7095
2294,3176.3499999999995,8,7103
1392,3175.649999999999,6,7109
2382,3175.549999999999,4,7113
1179,3172.199999999999,4,7117
2432,3169.8999999999987,9,7126
1740,3166.5499999999997,5,7131
2110,3165.9499999999985,4,7135
1753,3158.1499999999996,5,7140
2726,3156.0499999999997,1,7141
702,3148.149999999999,5,7146
815,3144.819999999998,6,7152
59,3144.7499999999986,9,7161
2731,3143.9499999999994,4,7165
510,3138.799999999998,9,7174
2691,3135.399999999999,6,7180
2650,3126.6499999999987,7,7187
1560,3124.449999999999,10,7197
27,3121.0499999999993,8,7205
1505,3116.049999999999,10,7215
2085,3105.999999999999,6,7221
1693,3105.199999999998,5,7226
104,3104.9999999999995,4,7230
1217,3104.5,4,7234
770,3103.65,3,7237
1297,3098.6999999999994,7,7244
2764,3097.6999999999985,4,7248
130,3094.729999999999,5,7253
755,3088.349999999999,5,7258
2717,3081.869999999999,6,7264
1468,3080.849999999999,9,7273
1649,3075.1199999999994,4,7277
2310,3072.149999999999,5,7282
265,3062.849999999999,3,7285
2136,3062.4999999999986,7,7292
1246,3060.2999999999993,5,7297
1002,3055.7499999999986,7,7304
1997,3052.85,4,7308
1127,3051.9,6,7314
36,3047.4999999999986,9,7323
2077,3039.6999999999985,9,7332
1820,3039.149999999999,8,7340
575,3036.4499999999994,6,7346
2498,3033.9999999999995,2,7348
2106,3030.399999999999,8,7356
2678,3029.499999999999,10,7366
697,3023.699999999999,8,7374
1065,3023.3499999999985,9,7383
2245,3021.7999999999997,6,7389
2770,3021.7,4,7393
2122,3019.999999999998,6,7399
322,3015.6999999999994,7,7406
366,3013.999999999999,10,7416
1135,3010.2,3,7419
653,3010.1999999999994,5,7424
2603,3008.349999999999,9,7433
26,3006.4499999999994,4,7437
629,3005.8499999999995,10,7447
1668,3005.449999999999,5,7452
526,3004.099999999998,6,7458
2295,3003.849999999998,10,7468
1525,3003.2499999999995,5,7473
570,3002.5599999999986,8,7481
2102,3001.699999999999,9,7490
2054,2995.8799999999983,7,7497
1405,2980.9499999999994,9,7506
2465,2978.3499999999995,3,7509
268,2978.0099999999993,9,7518
389,2976.3499999999985,10,7528
450,2973.399999999999,7,7535
733,2973.199999999998,6,7541
2304,2972.8499999999995,3,7544
1006,2971.7499999999995,4,7548
2384,2971.069999999999,3,7551
660,2969.0499999999993,10,7561
255,2967.079999999998,8,7569
1401,2966.699999999999,9,7578
928,2965.599999999999,5,7583
215,2958.15,3,7586
971,2954.4499999999994,4,7590
1395,2949.729999999999,9,7599
2491,2948.249999999998,5,7604
781,2947.05,3,7607
1506,2947.0499999999997,1,7608
1099,2944.0499999999997,8,7616
445,2942.7999999999993,7,7623
2091,2938.5499999999984,6,7629
1762,2934.8499999999995,8,7637
1157,2927.949999999999,7,7644
29,2925.91,3,7647
2235,2924.5499999999993,2,7649
2453,2922.699999999999,5,7654
787,2918.4699999999975,9,7663
823,2917.429999999999,8,7671
1432,2904.7999999999993,7,7678
1558,2904.0499999999993,8,7686
2674,2903.3999999999983,4,7690
609,2898.749999999999,6,7696
2743,2897.4999999999986,10,7706
304,2882.6999999999994,10,7716
357,2882.4999999999995,9,7725
1046,2880.449999999999,2,7727
1739,2877.6499999999987,6,7733
1010,2875.2,2,7735
548,2869.5499999999993,10,7745
2549,2865.149999999999,6,7751
496,2864.749999999999,9,7760
622,2861.9399999999987,8,7768
1198,2860.099999999997,9,7777
100,2858.6999999999994,8,7785
1754,2855.649999999999,10,7795
2563,2853.399999999999,4,7799
1485,2851.9499999999994,8,7807
2209,2849.5499999999993,7,7814
1792,2847.9999999999995,6,7820
571,2845.25,2,7822
1544,2844.949999999998,10,7832
1175,2843.349999999999,10,7842
138,2842.2499999999995,6,7848
401,2836.45,1,7849
1228,2834.199999999999,9,7858
828,2834.099999999999,4,7862
576,2832.899999999999,2,7864
239,2830.5999999999995,5,7869
1207,2821.5499999999984,3,7872
408,2818.4999999999986,7,7879
386,2816.4999999999986,6,7885
2590,2814.749999999999,5,7890
994,2804.9499999999994,5,7895
1193,2803.2999999999997,2,7897
2107,2801.4499999999994,4,7901
186,2800.1499999999987,4,7905
791,2799.1499999999983,7,7912
1456,2798.1999999999994,4,7916
1520,2792.819999999999,3,7919
2649,2791.8499999999985,6,7925
146,2786.1999999999994,9,7934
1295,2785.0999999999985,7,7941
1764,2780.899999999999,9,7950
1060,2779.1499999999996,9,7959
433,2776.6499999999996,5,7964
1180,2776.6499999999996,1,7965
2668,2773.949999999999,9,7974
1656,2767.65,7,7981
2541,2761.049999999999,3,7984
2741,2759.349999999999,9,7993
1790,2757.369999999998,7,8000
2687,2754.9499999999994,9,8009
270,2754.6499999999987,8,8017
1844,2753.349999999998,5,8022
2500,2744.599999999998,5,8027
518,2744.1499999999987,7,8034
1172,2739.1499999999987,7,8041
916,2731.0499999999997,1,8042
748,2728.6499999999983,10,8052
854,2727.7999999999984,9,8061
2044,2722.05,4,8065
1898,2720.7,7,8072
245,2716.329999999999,6,8078
2367,2714.999999999999,5,8083
544,2713.449999999999,3,8086
1646,2703.249999999999,6,8092
2003,2702.0999999999995,3,8095
1233,2701.1999999999985,6,8101
2039,2698.099999999999,9,8110
2760,2697.8399999999983,9,8119
683,2695.4999999999995,4,8123
2444,2695.4999999999995,2,8125
624,2694.249999999999,9,8134
2097,2689.5699999999993,7,8141
28,2685.249999999998,8,8149
1541,2684.9999999999986,10,8159
2647,2681.949999999998,10,8169
2538,2677.9999999999995,6,8175
650,2676.899999999999,4,8179
1912,2674.3499999999995,8,8187
1603,2672.85,6,8193
1550,2672.7,4,8197
1169,2671.7999999999993,5,8202
1537,2670.8999999999996,6,8208
1406,2669.599999999999,8,8216
1720,2669.3499999999985,7,8223
2029,2665.799999999999,3,8226
1250,2658.1699999999987,4,8230
1884,2657.449999999999,8,8238
1870,2653.3499999999995,2,8240
2722,2653.349999999998,9,8249
2512,2648.249999999999,7,8256
193,2644.4999999999995,10,8266
937,2644.3499999999985,4,8270
1927,2642.4999999999986,4,8274
893,2635.599999999999,2,8276
502,2634.7999999999993,10,8286
536,2634.5999999999995,4,8290
142,2631.249999999998,5,8295
1428,2629.7999999999993,7,8302
2011,2628.149999999999,3,8305
2297,2625.399999999999,5,8310
865,2621.3699999999985,8,8318
1155,2618.8499999999985,10,8328
1901,2618.149999999999,10,8338
2483,2615.6,4,8342
601,2615.099999999999,7,8349
1644,2612.499999999999,7,8356
2640,2608.249999999999,7,8363
892,2608.099999999999,5,8368
1462,2606.2499999999986,8,8376
2317,2605.199999999999,6,8382
1648,2604.749999999999,3,8385
18,2603.4499999999994,5,8390
2050,2602.3999999999983,10,8400
2045,2601.699999999998,6,8406
758,2600.389999999999,8,8414
920,2598.5899999999992,3,8417
305,2591.3999999999983,9,8426
397,2585.309999999999,8,8434
319,2582.7,6,8440
1076,2580.649999999999,6,8446
1488,2579.8999999999983,9,8455
1518,2579.199999999999,10,8465
689,2578.65,2,8467
844,2577.1199999999985,10,8477
1178,2572.0499999999997,2,8479
1988,2569.0499999999997,6,8485
489,2568.4499999999994,5,8490
2298,2567.499999999999,8,8498
991,2566.5999999999995,7,8505
2299,2556.8999999999987,4,8509
1990,2555.9999999999995,6,8515
1508,2552.4499999999994,3,8518
494,2551.4999999999986,9,8527
1316,2548.369999999999,5,8532
1113,2547.4499999999994,7,8539
129,2545.7499999999995,7,8546
2458,2533.6499999999996,2,8548
1458,2529.4499999999994,6,8554
598,2529.0999999999985,9,8563
2652,2527.9199999999987,4,8567
279,2527.0499999999993,5,8572
881,2524.1499999999983,10,8582
2400,2522.199999999999,8,8590
1929,2519.099999999999,8,8598
1417,2517.149999999999,5,8603
1374,2508.849999999999,8,8611
1886,2508.1499999999983,7,8618
2239,2507.499999999998,7,8625
99,2504.6499999999987,7,8632
739,2503.25,5,8637
336,2496.4999999999986,5,8642
2626,2487.2499999999973,9,8651
1082,2485.3499999999985,9,8660
1926,2485.1999999999994,6,8666
2013,2485.149999999999,7,8673
1136,2485.0499999999984,5,8678
2386,2483.3899999999994,10,8688
1619,2481.229999999999,5,8693
61,2477.399999999999,7,8700
2426,2476.199999999999,8,8708
772,2475.949999999998,5,8713
1721,2475.4499999999985,6,8719
704,2470.1999999999985,10,8729
394,2469.4499999999985,9,8738
50,2467.6599999999985,10,8748
1431,2465.25,5,8753
1357,2465.199999999999,8,8761
1085,2464.899999999999,5,8766
164,2463.309999999999,5,8771
1423,2462.549999999999,6,8777
492,2459.999999999999,4,8781
2181,2459.949999999999,4,8785
1791,2455.65,6,8791
681,2454.6499999999987,4,8795
943,2453.85,3,8798
2065,2453.599999999999,4,8802
235,2453.449999999998,9,8811
1807,2453.0499999999984,9,8820
1806,2452.899999999999,5,8825
2049,2447.55,1,8826
438,2446.2999999999993,7,8833
1868,2444.9999999999973,8,8841
1547,2444.699999999998,10,8851
529,2443.499999999999,10,8861
2250,2443.099999999998,8,8869
909,2441.5499999999993,5,8874
227,2440.5499999999993,9,8883
642,2437.349999999999,9,8892
593,2433.8999999999996,8,8900
1782,2426.2,3,8903
1654,2426.099999999999,6,8909
616,2424.9499999999975,6,8915
568,2419.4899999999984,3,8918
1490,2418.95,7,8925
793,2415.7499999999986,6,8931
1573,2415.6099999999983,9,8940
1708,2410.4499999999975,8,8948
2388,2406.0999999999995,9,8957
1012,2403.949999999999,3,8960
1504,2403.7999999999997,2,8962
2343,2401.7499999999995,3,8965
1209,2395.9999999999995,1,8966
2503,2395.749999999998,4,8970
1402,2392.2,5,8975
1553,2388.289999999998,9,8984
1947,2387.7999999999993,2,8986
764,2387.399999999999,2,8988
2624,2387.3999999999987,6,8994
1562,2386.3499999999976,7,9001
1946,2381.1,2,9003
2707,2377.2,3,9006
1774,2375.599999999999,10,9016
1473,2369.7999999999993,6,9022
96,2361.4499999999994,1,9023
2057,2361.1499999999987,4,9027
1153,2361.049999999999,6,9033
1021,2359.9499999999985,10,9043
782,2359.8999999999983,5,9048
2186,2358.7499999999995,3,9051
2006,2358.299999999999,6,9057
718,2356.5499999999993,8,9065
2152,2353.6999999999994,5,9070
1380,2353.4999999999986,7,9077
2383,2351.7999999999993,6,9083
486,2347.6499999999996,3,9086
306,2346.099999999999,5,9091
2438,2344.3099999999986,10,9101
961,2343.6699999999987,10,9111
1232,2340.95,3,9114
2104,2337.7999999999993,7,9121
2151,2336.2999999999993,2,9123
2093,2331.2999999999993,4,9127
1862,2330.3500000000004,4,9131
1400,2326.1499999999983,8,9139
754,2325.5499999999993,3,9142
1341,2322.499999999999,5,9147
1755,2320.0999999999995,10,9157
52,2317.0999999999995,5,9162
2412,2316.149999999999,9,9171
2056,2310.7999999999984,3,9174
1337,2308.699999999999,5,9179
2348,2308.049999999999,6,9185
1837,2306.15,5,9190
680,2306.1499999999996,4,9194
292,2303.0999999999985,7,9201
2315,2298.849999999999,7,9208
1650,2290.6499999999996,4,9212
1922,2290.349999999997,9,9221
277,2283.949999999999,5,9226
134,2283.2999999999997,5,9231
367,2282.5499999999997,5,9236
766,2282.449999999999,6,9242
2619,2277.3999999999996,5,9247
719,2277.149999999999,5,9252
1571,2268.5499999999984,10,9262
1904,2267.599999999999,6,9268
647,2261.7999999999997,5,9273
1983,2258.7999999999993,4,9277
1773,2258.0499999999984,6,9283
1969,2257.6499999999996,4,9287
338,2257.649999999999,9,9296
1242,2257.1999999999994,9,9305
1627,2256.9999999999995,4,9309
2034,2255.0899999999997,7,9316
1639,2254.599999999999,8,9324
2175,2254.2499999999995,8,9332
2620,2253.8499999999985,6,9338
602,2252.6999999999994,3,9341
352,2252.049999999999,9,9350
321,2246.5999999999985,10,9360
1871,2246.549999999999,6,9366
1279,2245.3499999999995,6,9372
326,2240.81,6,9378
914,2240.1499999999996,2,9380
1803,2232.819999999999,2,9382
634,2231.7,4,9386
2266,2225.0499999999997,3,9389
842,2222.69,6,9395
1107,2219.349999999999,3,9398
1531,2214.0999999999995,10,9408
207,2208.949999999999,10,9418
665,2206.749999999999,5,9423
2284,2205.799999999999,6,9429
1161,2201.999999999999,5,9434
89,2198.9499999999994,7,9441
1200,2198.1299999999997,6,9447
1502,2197.7999999999997,1,9448
148,2195.5499999999993,8,9456
2556,2194.4999999999995,4,9460
250,2189.649999999999,10,9470
2392,2189.2,7,9477
2487,2187.249999999999,5,9482
2607,2181.6499999999987,5,9487
1599,2179.7999999999993,1,9488
877,2172.699999999999,5,9493
364,2168.0999999999995,7,9500
1866,2165.599999999999,5,9505
2071,2165.099999999999,5,9510
133,2164.45,4,9514
1362,2159.699999999998,9,9523
437,2158.2,8,9531
12,2157.3,7,9538
1140,2157.2999999999997,9,9547
90,2156.749999999999,10,9557
393,2153.8499999999995,2,9559
830,2153.699999999999,2,9561
1071,2153.499999999999,6,9567
2165,2152.5499999999993,9,9576
880,2147.85,2,9578
588,2145.749999999999,6,9584
1697,2141.2999999999993,9,9593
2440,2137.7999999999993,4,9597
2113,2132.899999999999,9,9606
2072,2130.1,3,9609
2161,2128.1999999999994,3,9612
1674,2126.45,7,9619
900,2120.35,4,9623
745,2119.9499999999994,6,9629
1375,2119.4999999999995,8,9637
1982,2117.3500000000004,1,9638
2322,2114.6999999999994,9,9647
2504,2113.6999999999994,4,9651
2425,2108.1499999999996,10,9661
1342,2107.95,4,9665
2583,2107.5,10,9675
1167,2106.45,3,9678
2430,2102.249999999999,5,9683
2205,2101.35,4,9687
2307,2101.3499999999995,8,9695
1206,2097.1999999999994,7,9702
735,2096.4999999999995,3,9705
838,2095.1999999999994,7,9712
149,2090.15,2,9714
2272,2086.8999999999996,9,9723
1925,2081.2499999999995,5,9728
2036,2077.2000000000003,8,9736
236,2076.3,5,9741
158,2073.4999999999995,3,9744
2234,2071.9999999999995,3,9747
2445,2071.0499999999997,8,9755
668,2070.75,5,9760
769,2069.6999999999994,2,9762
675,2066.5499999999997,3,9765
1821,2066.5499999999997,3,9768
738,2066.35,5,9773
1775,2063.35,9,9782
286,2056.6,2,9784
1001,2050.4500000000003,9,9793
1296,2042.0500000000004,6,9799
1818,2041.45,6,9805
1726,2037.6500000000005,8,9813
335,2028.1000000000008,9,9822
985,2024.1000000000001,3,9825
461,2024.1,4,9829
2630,2023.9500000000005,9,9838
1796,2022.0500000000002,6,9844
750,2019.5500000000002,3,9847
687,2015.0500000000004,8,9855
1779,2008.8600000000004,7,9862
1379,2007.3500000000004,5,9867
1482,2003.7,9,9876
945,2002.5000000000002,7,9883
747,2001.7,4,9887
1704,2000.4500000000003,8,9895
1110,2000.4000000000003,10,9905
1491,1999.0,2,9907
587,1995.3000000000002,2,9909
1761,1993.75,3,9912
73,1992.8500000000001,7,9919
1636,1990.45,7,9926
1676,1985.6200000000003,6,9932
1598,1985.0000000000002,10,9942
1817,1984.25,6,9948
833,1978.65,5,9953
1664,1975.7000000000003,7,9960
2325,1975.3999999999999,3,9963
1785,1975.0500000000002,2,9965
2114,1971.88,8,9973
673,1960.6000000000001,7,9980
1339,1959.7,4,9984
2144,1958.4500000000005,6,9990
1216,1957.5500000000002,5,9995
288,1957.45,8,10003
2073,1955.7500000000005,10,10013
1703,1953.0500000000004,9,10022
742,1950.5000000000002,3,10025
274,1946.0500000000002,5,10030
372,1941.5000000000002,5,10035
69,1941.3000000000004,5,10040
84,1937.8000000000006,8,10048
224,1931.650000000001,8,10056
775,1927.8000000000002,6,10062
1526,1927.8,2,10064
1945,1923.95,7,10071
1736,1921.5500000000006,4,10075
167,1920.6499999999999,1,10076
160,1920.1,6,10082
1003,1919.36,1,10083
1139,1917.6000000000001,1,10084
958,1916.6,7,10091
2754,1914.0500000000004,8,10099
1320,1910.7,5,10104
707,1904.4000000000003,5,10109
1448,1900.3000000000002,9,10118
1159,1890.1000000000004,4,10122
2177,1889.5500000000002,6,10128
1942,1883.1500000000005,10,10138
2564,1881.9,2,10140
778,1878.8500000000001,3,10143
887,1876.15,4,10147
2311,1875.3,2,10149
694,1874.55,7,10156
1602,1869.5500000000004,5,10161
180,1867.3000000000004,9,10170
41,1858.5500000000004,5,10175
1282,1858.2,7,10182
2690,1855.3500000000001,8,10190
282,1855.3500000000001,2,10192
1823,1854.3000000000006,10,10202
412,1853.4,6,10208
1036,1851.8500000000001,1,10209
1093,1851.7500000000002,4,10213
1538,1847.6900000000003,3,10216
2472,1846.9500000000003,8,10224
524,1844.9,3,10227
2135,1844.8500000000004,4,10231
2366,1842.4,7,10238
2409,1838.4000000000003,4,10242
679,1835.7500000000005,7,10249
1210,1833.7500000000005,10,10259
1384,1826.9500000000003,9,10268
414,1826.95,5,10273
1111,1818.7,10,10283
1430,1818.4500000000003,7,10290
1126,1816.5,1,10291
543,1813.0500000000002,2,10293
2449,1808.4000000000005,6,10299
1061,1807.1000000000001,6,10305
2185,1800.7,8,10313
2505,1797.7500000000002,3,10316
161,1797.7500000000002,1,10317
230,1795.5,3,10320
949,1795.4500000000003,6,10326
559,1793.8000000000002,3,10329
1234,1793.2,5,10334
67,1790.5500000000002,2,10336
143,1790.0,7,10343
2287,1788.2000000000003,5,10348
1461,1787.0500000000002,8,10356
1271,1781.8600000000006,7,10363
2362,1774.1499999999999,2,10365
798,1768.3100000000002,6,10371
2447,1768.2500000000005,4,10375
1322,1767.15,1,10376
2765,1767.0500000000002,5,10381
434,1764.6,4,10385
2713,1761.2000000000003,1,10386
2353,1759.9500000000003,3,10389
240,1758.9,7,10396
1938,1755.6000000000001,4,10400
977,1747.0500000000002,6,10406
206,1743.4500000000007,5,10411
493,1742.7500000000002,6,10417
565,1741.75,4,10421
1682,1740.4800000000002,8,10429
1617,1738.6500000000003,3,10432
2658,1738.6499999999999,2,10434
684,1738.4500000000003,9,10443
1805,1736.4500000000005,3,10446
1398,1735.6499999999999,3,10449
969,1732.9500000000005,8,10457
1734,1730.9000000000003,5,10462
1543,1730.8500000000004,8,10470
1574,1729.75,3,10473
1158,1728.4500000000003,8,10481
1287,1725.6500000000003,10,10491
2497,1719.75,4,10495
884,1715.7,4,10499
2570,1715.4,4,10503
1191,1713.6000000000001,4,10507
2288,1711.0500000000002,4,10511
643,1709.5000000000002,8,10519
1281,1708.1700000000003,4,10523
449,1707.5000000000005,7,10530
324,1707.15,5,10535
974,1705.25,1,10536
283,1703.3500000000001,7,10543
1455,1703.15,8,10551
2718,1698.15,8,10559
365,1697.6000000000004,8,10567
2404,1695.9000000000003,9,10576
1519,1691.6500000000005,9,10585
2490,1690.3,6,10591
1090,1687.3500000000004,10,10601
1865,1687.3000000000002,3,10604
1239,1683.3,5,10609
1152,1681.2999999999997,7,10616
2656,1679.6,9,10625
2546,1677.5500000000002,5,10630
1766,1677.2,1,10631
999,1675.4,6,10637
2190,1675.1499999999999,6,10643
641,1674.1999999999996,3,10646
2053,1665.5,7,10653
1350,1660.8000000000002,5,10658
785,1660.8000000000002,2,10660
1825,1660.8,3,10663
992,1660.1900000000003,7,10670
2251,1657.95,8,10678
1596,1651.9000000000003,3,10681
2419,1651.7000000000005,9,10690
2211,1647.25,3,10693
1987,1647.25,2,10695
1170,1646.5000000000005,10,10705
1908,1645.4100000000005,9,10714
512,1643.0500000000002,4,10718
701,1641.15,7,10725
2561,1638.1500000000005,6,10731
2485,1633.45,1,10732
2301,1631.8,2,10734
2330,1627.4,3,10737
563,1627.3500000000001,7,10744
1414,1625.1000000000006,7,10751
2095,1624.1000000000001,5,10756
1545,1621.9000000000003,7,10763
2414,1617.4000000000005,6,10769
1182,1616.8000000000004,4,10773
1626,1616.7000000000005,3,10776
2025,1616.2000000000003,7,10783
788,1616.0500000000002,3,10786
2214,1608.0500000000002,6,10792
2679,1607.8500000000004,5,10797
1605,1605.5,3,10800
883,1602.0100000000004,2,10802
31,1599.1999999999998,1,10803
685,1599.0000000000002,5,10808
452,1598.8000000000002,7,10815
2397,1598.0000000000002,1,10816
2486,1597.55,1,10817
967,1595.3500000000001,5,10822
1968,1594.0000000000005,3,10825
2514,1591.1000000000006,7,10832
1878,1587.5500000000002,8,10840
175,1587.0500000000002,7,10847
1991,1579.65,4,10851
723,1577.9500000000003,7,10858
297,1577.2500000000002,7,10865
2393,1576.2500000000005,9,10874
725,1576.05,4,10878
2530,1576.05,4,10882
1920,1574.64,6,10888
1445,1573.7000000000005,4,10892
2545,1569.75,3,10895
1552,1567.4600000000005,7,10902
818,1566.15,9,10911
1604,1561.65,2,10913
443,1558.0500000000002,3,10916
2424,1558.0500000000002,2,10918
586,1557.7500000000002,9,10927
1009,1555.3700000000003,9,10936
1512,1553.3500000000004,8,10944
1640,1553.1999999999998,6,10950
2758,1553.1500000000003,2,10952
2655,1552.8500000000001,5,10957
264,1547.3000000000004,6,10963
1778,1545.5000000000007,8,10971
2032,1543.2500000000005,8,10979
2476,1539.0000000000002,6,10985
1885,1535.7500000000005,4,10989
2129,1534.95,8,10997
2338,1531.05,3,11000
2100,1531.05,1,11001
150,1528.0500000000004,4,11005
47,1527.45,4,11009
827,1523.0300000000002,9,11018
907,1520.8200000000004,8,11026
2218,1520.0000000000002,6,11032
1669,1519.4000000000003,8,11040
2651,1516.6000000000001,5,11045
1310,1516.2,4,11049
2124,1515.3000000000004,10,11059
2689,1515.25,4,11063
1439,1510.6700000000003,8,11071
1607,1508.3000000000002,3,11074
2229,1507.4499999999998,8,11082
1267,1507.3500000000004,5,11087
998,1499.3000000000002,1,11088
1091,1498.1699999999998,4,11092
2204,1497.5,2,11094
797,1496.0500000000002,8,11102
1781,1491.75,1,11103
2067,1488.8500000000001,5,11108
760,1485.5000000000002,4,11112
2737,1485.1499999999999,10,11122
1567,1484.4500000000003,4,11126
210,1484.4000000000005,7,11133
155,1483.9500000000003,5,11138
116,1482.55,7,11145
1839,1479.5000000000002,8,11153
2259,1479.15,4,11157
37,1478.1500000000003,2,11159
340,1477.3500000000001,6,11165
2752,1471.2500000000002,9,11174
307,1468.5500000000002,5,11179
2759,1468.5,6,11185
604,1467.7000000000003,5,11190
114,1467.5500000000002,4,11194
2096,1465.3500000000006,10,11204
1095,1461.5000000000005,8,11212
1323,1458.3,4,11216
2040,1453.2,2,11218
1499,1452.7500000000002,7,11225
1360,1451.45,4,11229
521,1451.45,3,11232
163,1446.5500000000004,6,11238
1530,1445.85,2,11240
931,1445.7500000000002,5,11245
2179,1445.2000000000003,4,11249
1799,1444.5000000000002,8,11257
458,1444.0000000000005,6,11263
2577,1441.5500000000002,5,11268
316,1440.8000000000004,5,11273
1077,1436.2500000000002,3,11276
1624,1436.1,5,11281
120,1434.5000000000002,6,11287
2022,1434.2500000000007,5,11292
1916,1425.3000000000002,4,11296
749,1420.2,6,11302
2411,1419.5500000000002,4,11306
1642,1419.29,1,11307
682,1418.1500000000003,7,11314
211,1414.5500000000004,6,11320
2645,1413.3999999999999,7,11327
2174,1411.75,4,11331
630,1408.4,2,11333
2314,1407.8500000000004,7,11340
2142,1407.6000000000001,4,11344
2528,1405.7500000000002,5,11349
2030,1403.7500000000005,4,11353
1936,1401.6500000000003,7,11360
1014,1401.3999999999999,5,11365
2712,1398.2500000000002,2,11367
692,1397.6000000000004,7,11374
623,1388.8500000000001,5,11379
97,1387.6000000000004,6,11385
856,1387.47,7,11392
2581,1385.65,7,11399
1168,1385.3000000000004,6,11405
1259,1382.15,2,11407
2516,1378.8500000000001,4,11411
1896,1378.4500000000007,10,11421
1443,1377.6000000000001,4,11425
1899,1373.9500000000003,4,11429
233,1373.4,3,11432
894,1371.2200000000003,5,11437
2750,1366.2500000000002,2,11439
2553,1364.9,4,11443
1015,1364.1500000000003,4,11447
2141,1363.6900000000003,6,11453
923,1362.5000000000002,8,11461
1481,1362.1500000000005,10,11471
49,1359.95,4,11475
222,1356.6,1,11476
2714,1356.3500000000004,4,11480
197,1354.0600000000004,6,11486
2352,1354.0500000000002,4,11490
2622,1348.7000000000005,8,11498
720,1347.75,4,11502
2203,1342.6000000000001,4,11506
2150,1338.6500000000003,3,11509
415,1336.65,1,11510
1411,1328.1500000000003,10,11520
392,1325.5500000000002,4,11524
1472,1324.2,4,11528
1265,1323.8500000000001,4,11532
801,1322.6500000000003,3,11535
2042,1318.9,7,11542
2041,1318.3500000000001,5,11547
1978,1318.3500000000001,4,11551
1493,1314.0000000000002,10,11561
2434,1313.4000000000003,6,11567
112,1311.17,5,11572
1288,1309.7000000000003,6,11578
203,1305.3500000000001,8,11586
2063,1303.2,8,11594
1592,1302.65,9,11603
1864,1299.2500000000002,9,11612
2051,1297.5,6,11618
1780,1294.6500000000003,5,11623
1300,1292.3999999999999,3,11626
2463,1292.0500000000002,7,11633
1190,1289.1000000000001,6,11639
957,1287.8500000000001,3,11642
1510,1285.2,1,11643
406,1278.5500000000004,5,11648
2192,1278.4,3,11651
2076,1273.6000000000001,1,11652
464,1272.8500000000004,9,11661
1028,1270.9500000000005,10,11671
2279,1270.3000000000006,10,11681
864,1267.3000000000002,4,11685
771,1266.4000000000003,7,11692
2286,1266.2300000000002,5,11697
1743,1265.1000000000004,10,11707
1961,1264.6500000000003,5,11712
1672,1263.0000000000005,7,11719
1031,1262.8500000000001,10,11729
2643,1259.0000000000005,6,11735
220,1258.95,7,11742
1106,1255.5500000000002,2,11744
824,1255.2000000000003,4,11748
1419,1253.9999999999998,7,11755
2744,1253.15,5,11760
281,1251.9500000000003,6,11766
1846,1247.4000000000005,6,11772
696,1245.6000000000001,2,11774
2060,1245.6,2,11776
476,1234.15,5,11781
182,1233.25,3,11784
2730,1232.7500000000002,3,11787
1052,1229.9,5,11792
2357,1229.4500000000005,6,11798
1145,1227.95,4,11802
674,1225.8500000000001,5,11807
399,1224.75,4,11811
1996,1217.1000000000001,3,11814
1426,1216.6000000000001,2,11816
1056,1216.3500000000001,5,11821
2327,1215.3500000000001,8,11829
2090,1213.5500000000002,3,11832
1238,1211.2000000000003,6,11838
287,1204.6,10,11848
800,1199.7000000000005,7,11855
2662,1198.0,6,11861
2517,1197.0000000000002,7,11868
1979,1196.4,2,11870
225,1193.7,1,11871
902,1193.4000000000003,8,11879
356,1193.1000000000001,7,11886
986,1191.1000000000004,8,11894
874,1188.6000000000001,9,11903
1725,1185.65,9,11912
485,1184.0000000000005,7,11919
667,1183.7000000000003,2,11921
727,1175.3000000000002,3,11924
2226,1174.6000000000001,6,11930
135,1172.8500000000001,9,11939
924,1172.7,5,11944
1336,1168.0500000000002,2,11946
1565,1168.05,1,11947
882,1168.05,1,11948
212,1163.1500000000003,9,11957
825,1161.65,4,11961
1365,1160.1000000000001,7,11968
1326,1159.53,7,11975
2727,1159.4600000000003,6,11981
2471,1157.0500000000004,5,11986
1063,1156.6500000000003,8,11994
1959,1156.31,2,11996
662,1152.69,3,11999
1872,1152.69,1,12000
1075,1145.1000000000001,5,12005
121,1144.3500000000001,3,12008
1923,1141.8,1,12009
639,1141.8,2,12011
1451,1138.1000000000001,3,12014
525,1136.0300000000002,6,12020
178,1133.8000000000002,9,12029
1944,1132.0500000000002,3,12032
2238,1131.0500000000004,10,12042
2126,1129.15,5,12047
1534,1127.4500000000003,10,12057
421,1125.0000000000002,10,12067
34,1124.5500000000002,9,12076
540,1122.9,5,12081
1355,1116.9500000000003,5,12086
2395,1116.5,3,12089
1199,1115.8500000000001,2,12091
1812,1113.7000000000003,3,12094
2454,1112.9500000000003,8,12102
915,1108.4500000000003,4,12106
547,1108.1499999999999,8,12114
196,1106.8500000000001,4,12118
2149,1101.8000000000004,4,12122
934,1100.55,2,12124
62,1091.0500000000002,7,12131
189,1090.7,8,12139
172,1089.25,6,12145
1433,1088.6000000000001,6,12151
1690,1084.6000000000001,3,12154
247,1084.6000000000001,3,12157
2016,1079.73,7,12164
64,1077.0,2,12166
1436,1076.65,6,12172
2112,1075.3,5,12177
509,1074.85,5,12182
621,1070.9,2,12184
2292,1069.3700000000001,6,12190
1039,1067.6000000000001,5,12195
1181,1066.5000000000002,10,12205
1867,1061.95,5,12210
816,1061.9,3,12213
1503,1055.7,5,12218
106,1055.7,3,12221
2212,1054.75,8,12229
843,1053.2,5,12234
1555,1050.0000000000002,4,12238
334,1048.65,3,12241
53,1041.1500000000003,9,12250
2677,1038.7,1,12251
1921,1034.4500000000003,3,12254
2634,1033.65,8,12262
1873,1032.7000000000005,8,12270
1570,1029.3,1,12271
2274,1025.5500000000002,5,12276
2617,1025.55,1,12277
1201,1024.95,4,12281
1122,1018.45,3,12284
768,1018.4000000000002,3,12287
583,1018.3000000000001,1,12288
2086,1017.9000000000003,4,12292
1535,1017.45,1,12293
1769,1016.9500000000002,6,12299
1074,1016.75,8,12307
1421,1016.6000000000003,3,12310
2198,1012.0500000000002,10,12320
2609,1012.0500000000001,1,12321
776,1010.5500000000002,7,12328
1231,1007.3700000000002,4,12332
921,1006.5000000000001,5,12337
2336,1006.2500000000001,2,12339
79,1005.2,2,12341
552,1004.85,1,12342
1044,1002.8000000000001,10,12352
474,999.5000000000002,1,12353
1767,998.7500000000001,2,12355
244,998.5500000000003,10,12365
2403,991.0500000000001,3,12368
1073,990.1500000000007,10,12378
551,989.2500000000003,7,12385
1498,988.3500000000001,2,12387
1788,988.3500000000001,2,12389
1315,988.35,1,12390
917,986.5600000000001,4,12394
2591,986.1,8,12402
94,979.9000000000003,8,12410
1459,978.0500000000002,4,12414
109,977.5500000000002,5,12419
1254,976.7600000000001,8,12427
698,976.0500000000001,3,12430
819,975.1,1,12431
1066,974.8000000000002,8,12439
722,969.3000000000001,2,12441
2321,964.9500000000002,5,12446
981,963.4600000000002,6,12452
2132,960.15,2,12454
859,958.8000000000002,2,12456
542,956.9000000000001,8,12464
1609,951.3499999999999,2,12466
1269,950.6000000000001,8,12474
2692,948.1500000000001,3,12477
1024,947.8500000000001,3,12480
1881,946.4000000000001,6,12486
258,945.25,1,12487
2720,941.0500000000001,2,12489
1849,941.05,3,12492
1286,935.5000000000003,7,12499
213,935.0000000000003,9,12508
1745,933.4000000000001,3,12511
1147,928.45,1,12512
857,928.45,1,12513
1016,925.1,1,12514
1470,922.95,7,12521
2532,920.8000000000004,8,12529
1715,917.7000000000003,3,12532
289,917.6500000000002,4,12536
1345,917.34,3,12539
1333,915.45,1,12540
2480,915.1000000000001,3,12543
1895,915.0,2,12545
1030,913.45,4,12549
1890,906.5000000000001,4,12553
480,905.7500000000001,5,12558
1306,902.5500000000001,4,12562
7,899.1000000000001,1,12563
573,898.5000000000001,4,12567
2654,898.5000000000001,4,12571
499,898.2,2,12573
743,895.6000000000001,4,12577
2358,895.2500000000002,4,12581
2371,895.0500000000001,2,12583
699,893.2,3,12586
382,885.55,5,12591
98,882.5000000000001,8,12599
1098,881.5000000000001,6,12605
1655,879.02,4,12609
1824,878.9000000000001,1,12610
1517,875.3000000000001,4,12614
703,871.7000000000002,9,12623
1910,868.55,1,12624
955,865.05,2,12626
2262,864.2500000000002,5,12631
33,861.3,1,12632
1758,857.8500000000001,2,12634
1151,857.75,3,12637
1934,856.7500000000002,5,12642
2554,855.8100000000001,3,12645
2168,854.7,4,12649
205,849.7500000000001,8,12657
1035,845.7500000000001,6,12663
475,845.7,4,12667
48,844.7000000000002,8,12675
1321,844.3500000000001,9,12684
2182,843.65,1,12685
2369,843.1500000000001,6,12691
1213,842.7000000000002,3,12694
11,841.8000000000001,8,12702
2579,841.2000000000003,3,12705
1464,838.65,4,12709
1317,838.6,3,12712
996,836.6500000000003,6,12718
1838,825.1000000000003,4,12722
891,819.2000000000002,3,12725
901,817.8000000000002,7,12732
1416,817.3700000000001,8,12740
2509,816.5000000000001,6,12746
1203,815.8499999999999,2,12748
2709,815.75,2,12750
1465,808.65,1,12751
107,808.0500000000002,7,12758
2002,804.4499999999999,1,12759
1299,803.2500000000002,7,12766
1019,803.2500000000001,1,12767
1952,803.25,1,12768
2536,802.9000000000001,3,12771
807,801.0000000000001,3,12774
88,799.0000000000001,9,12783
1358,799.0000000000001,2,12785
898,798.0000000000001,4,12789
710,797.3000000000004,9,12798
2508,791.3500000000001,2,12800
2416,790.3500000000003,5,12805
1067,789.8,1,12806
2427,787.3800000000001,7,12813
1533,779.74,3,12816
625,779.45,4,12820
2092,779.45,2,12822
395,778.7,2,12824
2547,778.6000000000003,5,12829
1977,778.5,1,12830
2681,777.0,1,12831
1096,768.6500000000001,7,12838
1523,764.8000000000003,4,12842
1949,761.1000000000004,10,12852
2466,760.9000000000002,7,12859
1569,759.0500000000001,1,12860
2401,758.2500000000001,7,12867
829,758.1000000000001,2,12869
2740,758.1,1,12870
45,757.5500000000001,3,12873
2407,757.35,2,12875
873,752.5500000000001,1,12876
469,751.3500000000003,5,12881
1119,751.1000000000001,2,12883
821,751.1,4,12887
2477,748.7500000000001,3,12890
2345,748.1500000000001,4,12894
1548,746.6000000000003,6,12900
1160,745.4500000000002,2,12902
780,745.0000000000003,5,12907
2492,742.6000000000003,9,12916
353,740.5500000000001,2,12918
1955,738.65,4,12922
980,733.7,3,12925
2228,731.4500000000004,6,12931
1637,729.7500000000001,8,12939
1176,726.6,2,12941
1171,722.95,7,12948
488,722.6500000000005,10,12958
1349,718.2,4,12962
1841,717.7500000000002,1,12963
528,717.6,4,12967
2703,716.5500000000002,4,12971
1120,716.4,2,12973
1832,715.0500000000002,3,12976
600,714.4000000000001,2,12978
166,708.9000000000002,6,12984
2202,707.8,6,12990
2534,707.6000000000003,8,12998
1004,701.8000000000004,6,13004
2451,699.4500000000003,6,13010
762,698.4500000000002,7,13017
1665,685.85,3,13020
101,685.25,8,13028
2588,683.6500000000001,4,13032
1540,679.1500000000001,3,13035
2020,679.1500000000001,1,13036
866,678.3000000000001,4,13040
370,677.1,3,13043
1092,676.8000000000004,7,13050
251,676.5999999999999,3,13053
2116,676.3500000000004,4,13057
2663,674.5000000000002,6,13063
2767,669.9000000000001,1,13064
1382,668.35,4,13068
2247,666.7,4,13072
2732,666.65,3,13075
425,666.0000000000001,3,13078
2766,665.55,7,13085
10,660.8500000000003,9,13094
1452,659.8500000000003,9,13103
1993,659.85,4,13107
46,659.75,5,13112
936,658.9000000000001,2,13114
2664,657.9500000000002,4,13118
1608,657.63,5,13123
646,653.7000000000002,8,13131
199,652.5500000000002,2,13133
1129,648.6000000000001,5,13138
147,648.5500000000002,4,13142
2285,647.5,3,13145
351,646.6000000000003,9,13154
1371,642.6,5,13159
1174,642.6,7,13166
1185,641.1800000000001,3,13169
2475,640.85,5,13174
2715,639.25,7,13181
1689,639.2,1,13182
2648,639.2,2,13184
1956,637.5000000000001,3,13187
1372,628.9499999999999,1,13188
1906,628.8000000000002,2,13190
2323,628.0500000000001,4,13194
2565,626.1500000000002,7,13201
2099,625.5500000000002,5,13206
1776,622.35,2,13208
1483,622.0500000000001,2,13210
608,619.6899999999999,2,13212
2459,619.6500000000003,9,13221
1975,618.7500000000001,6,13227
1851,618.4500000000002,2,13229
1134,617.2,3,13232
1937,606.8000000000002,5,13237
539,606.1,5,13242
2118,602.2500000000002,7,13249
896,600.3000000000002,6,13255
2675,600.1000000000001,7,13262
1705,598.4,6,13268
228,592.9500000000002,3,13271
2657,592.35,1,13272
1928,586.85,6,13278
1566,584.5500000000001,3,13281
2024,583.7500000000001,3,13284
852,582.75,1,13285
1757,580.9500000000002,7,13292
979,575.0500000000001,3,13295
1311,574.4,2,13297
1298,574.2,2,13299
1667,573.0500000000001,2,13301
863,570.9000000000001,1,13302
1114,565.2500000000002,2,13304
159,564.8000000000001,7,13311
706,564.3000000000001,3,13314
2241,564.0000000000001,8,13322
495,563.0000000000001,5,13327
1435,561.5999999999999,8,13335
2642,556.8500000000001,2,13337
564,556.5,4,13341
515,556.4499999999999,5,13346
1373,555.25,6,13352
869,554.9000000000001,5,13357
2170,552.8500000000001,10,13367
1117,544.6,6,13373
700,539.1,3,13376
876,538.5,8,13384
2402,538.5,4,13388
645,535.9,5,13393
5,534.6500000000001,5,13398
2450,531.1500000000001,2,13400
177,529.6000000000001,5,13405
1146,528.0500000000001,2,13407
2755,527.3499999999999,3,13410
2484,522.0999999999999,4,13414
1819,519.1,3,13417
1831,518.7,2,13419
95,513.0,2,13421
122,510.4,4,13425
1500,507.45,2,13427
1786,506.61,1,13428
1528,503.49999999999994,3,13431
1984,502.9999999999999,5,13436
1475,493.05,3,13439
678,493.05,4,13443
1681,493.04999999999995,6,13449
1941,492.83,7,13456
2775,488.74999999999994,2,13458
1556,486.8499999999999,6,13464
2418,485.44999999999993,3,13467
868,484.78000000000003,10,13477
1924,481.85999999999996,7,13484
354,481.0,4,13488
1008,479.2,3,13491
1329,479.15,2,13493
1366,478.2,2,13495
1933,473.04999999999995,4,13499
2309,472.15,5,13504
1284,470.05,2,13506
2719,468.6499999999999,6,13512
2293,465.34999999999997,5,13517
2158,462.54999999999995,3,13520
2521,461.6999999999999,9,13529
2572,451.19999999999993,3,13532
2399,449.55000000000007,2,13534
973,446.59999999999997,3,13537
1960,444.9999999999999,9,13546
157,443.99999999999994,7,13553
2599,440.94999999999993,3,13556
611,438.54999999999995,4,13560
1716,437.25,5,13565
2596,430.9,2,13567
257,430.65,1,13568
1680,429.3,2,13570
55,427.34999999999997,2,13572
1018,427.05,5,13577
87,423.3999999999999,7,13584
1814,419.29999999999995,7,13591
1827,419.29999999999995,7,13598
1130,419.29999999999995,3,13601
1040,417.99999999999994,5,13606
1795,410.45,4,13610
204,409.15,7,13617
2467,406.9,2,13619
2329,405.9,6,13625
3,405.49,6,13631
2585,402.9,1,13632
2055,401.45,2,13634
20,398.74999999999994,5,13639
912,398.49999999999994,3,13642
2258,394.99999999999994,2,13644
179,393.1499999999999,7,13651
2075,391.29999999999995,4,13655
1643,391.05,2,13657
2457,389.54999999999995,2,13659
789,389.34999999999997,1,13660
420,389.34999999999997,7,13667
2635,388.09999999999985,7,13674
373,388.04999999999995,1,13675
1023,388.04999999999995,1,13676
615,387.44999999999993,5,13681
855,386.7999999999999,8,13689
910,385.09,3,13692
1972,381.6,1,13693
2542,381.59999999999997,2,13695
2479,380.79999999999995,3,13698
378,379.3999999999999,5,13703
2473,378.49999999999994,5,13708
345,376.24999999999994,9,13717
2197,375.29999999999995,3,13720
217,372.2999999999999,5,13725
219,370.9,4,13729
1692,367.2,1,13730
1196,367.19999999999993,1,13731
1026,366.84999999999997,3,13734
2372,365.7,2,13736
744,362.95,1,13737
2125,362.59999999999997,1,13738
262,359.4,5,13743
1859,359.4,1,13744
1131,358.34999999999997,4,13748
717,354.44999999999993,3,13751
1597,351.05,2,13753
2081,349.59999999999997,4,13757
2757,347.25,7,13764
2230,342.15,4,13768
837,339.15,3,13771
2653,339.1,2,13773
2751,339.09,6,13779
300,337.34999999999997,1,13780
644,337.34999999999997,2,13782
102,337.34999999999997,1,13783
591,337.09999999999997,4,13787
201,331.1499999999999,3,13790
381,329.45,3,13793
2232,328.34999999999997,5,13798
1081,328.34999999999997,2,13800
1638,325.95,7,13807
1313,321.2499999999999,8,13815
385,321.09999999999997,4,13819
1563,319.2,2,13821
2018,319.0,2,13823
1777,318.4,4,13827
1278,311.4,1,13828
1219,307.15,7,13835
2422,299.75,5,13840
1225,299.5,2,13842
808,299.25,4,13846
375,299.24999999999994,2,13848
2685,298.0,1,13849
2119,297.84999999999997,4,13853
75,292.29999999999995,1,13854
1536,287.2,1,13855
1811,287.2,10,13865
2633,285.45,4,13869
1229,285.45,3,13872
2428,285.45,1,13873
1150,284.4,1,13874
537,275.5,3,13877
343,271.15,3,13880
1025,269.55,1,13881
1480,269.25,1,13882
654,267.5,7,13889
241,264.54999999999995,5,13894
1088,263.3999999999999,5,13899
330,261.8,2,13901
574,261.59999999999997,4,13905
1396,259.34999999999997,4,13909
202,258.34999999999997,3,13912
2023,256.99999999999994,5,13917
805,254.09999999999994,4,13921
1772,253.34999999999994,4,13925
1542,251.29999999999995,2,13927
1620,249.9,6,13933
1257,249.75,3,13936
1581,249.45,6,13942
2669,248.74999999999997,1,13943
523,248.74999999999997,4,13947
1112,248.74999999999997,1,13948
2513,243.95000000000002,2,13950
545,243.95,4,13954
2052,237.46000000000004,2,13956
2493,233.54999999999998,1,13957
686,233.1,3,13960
1102,233.09999999999997,4,13964
1165,229.1,1,13965
1020,227.84999999999997,2,13967
531,227.75000000000003,3,13970
2221,227.6,6,13976
1049,226.1,1,13977
1532,219.49999999999994,2,13979
377,219.44999999999996,1,13980
2587,219.29999999999995,6,13986
648,214.65,6,13992
2602,214.65,1,13993
734,213.64999999999998,7,14000
603,207.59999999999997,1,14001
2139,207.59999999999997,2,14003
376,206.54999999999995,4,14007
1034,205.4,2,14009
2725,202.29999999999998,4,14013
275,199.75,2,14015
908,199.5,1,14016
1613,199.49999999999994,6,14022
1647,197.6,2,14024
1328,197.54999999999995,9,14033
835,197.44999999999996,4,14037
1564,191.54999999999995,3,14040
944,191.39999999999998,6,14046
2021,189.85,3,14049
435,189.85,4,14053
2573,189.69999999999996,6,14059
1733,189.59999999999997,3,14062
2162,183.49999999999997,9,14071
40,181.69999999999996,1,14072
1891,179.85000000000002,2,14074
1687,179.79999999999998,2,14076
1084,179.7,2,14078
1657,179.7,6,14084
463,179.64999999999998,3,14087
940,179.54999999999998,5,14092
1999,178.59999999999997,4,14096
2368,177.39999999999998,5,14101
500,174.9,2,14103
1628,171.59999999999997,4,14107
2686,169.34999999999997,7,14114
2332,166.6,1,14115
2308,163.7,3,14118
92,159.8,4,14122
2007,159.6,1,14123
481,159.5,1,14124
2283,158.99999999999997,2,14126
836,156.85,5,14131
1307,155.7,2,14133
1976,155.39999999999998,3,14136
1197,149.85000000000002,2,14138
448,149.75,3,14141
402,149.75,7,14148
2468,149.54999999999998,4,14152
2435,143.1,1,14153
58,141.6,5,14158
1843,141.49999999999997,3,14161
2688,139.83999999999997,3,14164
1658,139.8,4,14168
398,139.65,2,14170
1253,139.29999999999998,2,14172
1694,132.75,4,14176
128,129.75,4,14180
1748,129.35,3,14183
2351,125.64999999999999,5,14188
1424,125.64999999999999,3,14191
188,124.75000000000001,10,14201
284,123.72000000000001,8,14209
254,119.93,6,14215
171,119.9,4,14219
2027,119.85000000000001,2,14221
1101,119.85000000000001,2,14223
71,119.8,3,14226
1368,119.7,3,14229
1741,119.69999999999999,3,14232
767,114.75,5,14237
659,113.8,6,14243
285,109.9,8,14251
2225,109.75,7,14258
899,107.8,3,14261
2552,107.7,4,14265
2469,103.8,1,14266
195,103.8,2,14268
906,99.94999999999999,4,14272
1363,99.85000000000001,2,14274
214,99.7,8,14282
997,99.50000000000001,3,14285
462,96.65,6,14291
2721,91.8,4,14295
295,90.64999999999999,3,14298
1919,89.95,4,14302
2111,89.85,4,14306
209,89.85,7,14313
331,89.85,1,14314
337,89.8,5,14319
942,86.75,5,14324
989,85.9,5,14329
2520,85.8,5,14334
2361,79.9,1,14335
136,79.9,3,14338
2470,79.9,2,14340
729,79.9,2,14342
1047,79.9,1,14343
472,79.9,3,14346
1343,79.8,1,14347
125,79.75,1,14348
596,79.75,7,14355
922,79.75,4,14359
2551,79.75,3,14362
2169,79.75,1,14363
2146,79.75,3,14366
2502,77.85,1,14367
2729,77.8,6,14373
2580,77.7,1,14374
1751,73.75,6,14380
2448,72.9,3,14383
2696,70.7,6,14389
232,63.8,5,14394
187,63.8,2,14396
2291,61.8,3,14399
1673,59.95,9,14408
1618,59.95,1,14409
57,59.9,3,14412
1334,59.9,4,14416
1068,59.849999999999994,2,14418
599,59.849999999999994,3,14421
2313,59.849999999999994,3,14424
1621,59.849999999999994,3,14427
2559,59.849999999999994,1,14428
1616,57.849999999999994,5,14433
517,55.9,5,14438
1154,55.650000000000006,2,14440
1663,53.849999999999994,3,14443
170,53.849999999999994,1,14444
2455,52.75,8,14452
93,51.9,9,14461
1332,51.9,4,14465
2001,51.9,4,14469
318,51.9,4,14473
429,51.9,1,14474
2277,51.9,2,14476
360,49.95,3,14479
1249,49.95,1,14480
1970,49.95,4,14484
732,49.95,4,14488
2373,49.95,4,14492
960,47.849999999999994,2,14494
396,47.849999999999994,2,14496
946,47.849999999999994,1,14497
1037,45.9,7,14504
1675,45.9,4,14508
1670,45.9,3,14511
70,39.95,1,14512
972,39.95,4,14516
1615,39.95,9,14525
803,39.95,6,14531
1364,39.9,3,14534
1816,39.9,1,14535
870,39.9,2,14537
2589,39.9,3,14540
2638,39.75,4,14544
2267,38.849999999999994,2,14546
1611,37.9,3,14549
534,35.95,1,14550
1549,35.9,6,14556
1241,35.9,5,14561
516,35.9,2,14563
1497,34.65,3,14566
2080,32.849999999999994,4,14570
1163,31.9,2,14572
832,31.9,3,14575
312,31.9,2,14577
1684,31.9,1,14578
1204,31.9,6,14584
1711,31.8,7,14591
2381,31.8,2,14593
2043,29.95,1,14594
1590,29.95,2,14596
2105,29.95,2,14598
2413,29.95,1,14599
988,29.95,4,14603
1622,28.849999999999998,9,14612
2201,26.849999999999998,6,14618
1354,25.95,6,14624
2747,25.95,3,14627
1394,25.95,1,14628
964,25.95,1,14629
1123,25.95,4,14633
1833,25.95,1,14634
2436,25.95,1,14635
126,25.9,3,14638
298,23.7,2,14640
2326,22.95,4,14644
558,22.95,2,14646
1798,22.95,2,14648
783,19.98,1,14649
1042,19.95,4,14653
140,19.95,1,14654
1907,19.95,3,14657
688,19.95,2,14659
2244,19.95,4,14663
1974,19.95,2,14665
817,17.95,1,14666
888,17.95,7,14673
72,15.95,1,14674
1630,15.95,2,14676
2408,15.95,1,14677
2237,15.95,1,14678
2270,15.9,3,14681
2047,12.95,4,14685
2460,12.95,2,14687
1226,12.95,2,14689
1889,12.95,5,14694
468,11.850000000000001,5,14699
1486,9.9,1,14700
218,7.95,4,14704
2242,7.95,5,14709
721,7.95,6,14715
1770,7.95,4,14719
1930,7.95,3,14722
1387,7.9,4,14726
1802,5.95,4,14730
2219,0.0,5,14735
2576,0.0,3,14738
1587,0.0,2,14740
1727,0.0,3,14743
1662,0.0,1,14744
2337,0.0,2,14746
2437,0.0,3,14749
561,0.0,2,14751
15,0.0,3,14754
1877,0.0,2,14756
2494,0.0,3,14759
2406,0.0,1,14760
2012,0.0,3,14763
1312,0.0,5,14768
607,0.0,2,14770
636,0.0,1,14771
1290,0.0,1,14772
1301,0.0,1,14773
124,0.0,2,14775
592,0.0,1,14776
1272,0.0,1,14777
1415,0.0,1,14778
483,0.0,6,14784
1466,0.0,3,14787
820,0.0,1,14788
2711,0.0,3,14791
2213,0.0,3,14794
804,0.0,1,14795
672,0.0,5,14800
363,0.0,3,14803
391,0.0,3,14806
2496,0.0,2,14808
2121,0.0,1,14809
2328,0.0,7,14816
479,0.0,2,14818
383,0.0,1,14819
1029,0.0,2,14821
113,0.0,7,14828
1184,0.0,3,14831
578,0.0,1,14832
506,0.0,1,14833
2363,0.0,3,14836
1324,0.0,2,14838
930,0.0,3,14841
2172,0.0,3,14844
1162,0.0,1,14845
2568,0.0,1,14846
740,0.0,3,14849
538,0.0,2,14851
2280,0.0,1,14852
317,0.0,3,14855
141,0.0,2,14857
2761,0.0,1,14858
2140,0.0,5,14863
1752,0.0,2,14865
567,0.0,2,14867
2524,0.0,3,14870
2670,0.0,2,14872
