block_id,gain_per_block,n_products,product_cumsum
812,44849.55,8,8
1580,35702.899999999994,8,16
1412,34207.6,5,21
1143,32897.39,10,31
2233,32660.55,8,39
2306,27636.75,3,42
2000,26983.55,5,47
487,25425.68,8,55
2037,23744.55,4,59
387,22589.800000000003,8,67
2574,22256.8,10,77
1850,20779.2,1,78
560,20603.449999999997,8,86
314,20562.350000000002,10,96
726,19286.350000000002,10,106
439,19243.95,1,107
1546,18501.399999999998,6,113
442,18223.500000000004,10,123
1474,17976.800000000003,7,130
1221,17882.9,9,139
990,17681.4,9,148
1554,17671.4,10,158
1495,17529.799999999996,10,168
388,17298.050000000003,8,176
2666,17274.050000000003,10,186
1441,17163.8,8,194
301,16625.1,8,202
2106,16530.75,8,210
2735,16405.850000000002,10,220
1551,16324.41,5,225
2446,16194.45,6,231
1121,16094.249999999998,10,241
1033,15901.45,9,250
1747,15604.799999999997,10,260
1211,15448.0,9,269
498,15342.9,10,279
294,15324.55,7,286
63,15182.099999999999,7,293
1572,15104.350000000002,6,299
2359,14945.05,1,300
80,14879.55,8,308
2223,14824.45,10,318
1446,14705.9,10,328
851,14647.800000000001,10,338
879,14617.32,7,345
2207,14616.150000000001,10,355
1489,14469.5,7,362
256,14405.199999999999,6,368
2478,14401.31,10,378
918,14306.9,9,387
2058,14287.449999999999,8,395
1403,14149.1,10,405
2578,14147.150000000003,5,410
2303,14036.2,10,420
1964,13943.1,9,429
1212,13893.699999999999,9,438
1283,13728.400000000001,9,447
1353,13434.349999999999,6,453
207,13383.7,10,463
2488,13159.750000000002,9,472
9,13151.25,6,478
2456,13107.75,5,483
530,13083.75,10,493
773,13082.650000000001,10,503
1124,13071.5,9,512
938,13055.95,7,519
1476,12996.659999999998,10,529
1679,12891.7,4,533
1027,12786.449999999999,8,541
1756,12602.28,6,547
290,12577.599999999999,10,557
2749,12524.7,6,563
303,12515.650000000001,7,570
2010,12483.65,6,576
2123,12457.05,8,584
904,12428.95,9,593
315,12332.9,8,601
2048,12287.1,9,610
1438,12269.6,9,619
2543,12227.900000000001,9,628
1268,12083.400000000001,9,637
2566,11997.449999999999,6,643
2770,11975.349999999999,4,647
806,11934.400000000001,6,653
1493,11852.599999999999,10,663
478,11746.25,10,673
27,11692.899999999998,8,681
2644,11691.65,10,691
1080,11636.3,4,695
2068,11618.35,3,698
1115,11579.349999999999,3,701
1469,11577.049999999997,9,710
546,11535.7,9,719
418,11526.600000000002,9,728
2433,11444.989999999998,9,737
505,11367.449999999997,10,747
2289,11313.649999999998,10,757
96,11236.35,1,758
216,11226.55,7,765
21,11178.330000000002,10,775
651,11136.899999999998,9,784
1521,11127.0,8,792
1104,11106.6,3,795
2410,11039.400000000001,6,801
1632,11020.349999999999,8,809
1473,10949.7,6,815
2734,10943.150000000001,9,824
1477,10941.75,10,834
753,10906.25,3,837
1407,10874.75,8,845
2571,10868.4,10,855
2254,10864.75,4,859
341,10834.97,8,867
839,10825.05,7,874
2220,10782.5,5,879
2159,10770.3,5,884
1939,10704.570000000002,10,894
1183,10667.450000000003,9,903
1678,10631.050000000001,8,911
2625,10621.75,5,916
1826,10604.85,10,926
1097,10562.15,9,935
1318,10558.0,10,945
1691,10518.7,10,955
2143,10445.9,10,965
1073,10406.5,10,975
1294,10334.15,8,983
995,10327.8,4,987
242,10279.349999999999,8,995
2671,10248.45,8,1003
2742,10246.45,9,1012
1589,10242.5,7,1019
507,10162.949999999999,5,1024
846,10087.750000000002,8,1032
553,10014.6,8,1040
562,10004.850000000002,6,1046
1070,9988.449999999999,9,1055
2145,9931.380000000001,10,1065
1393,9910.599999999999,10,1075
1668,9876.150000000001,5,1080
714,9834.949999999999,7,1087
2082,9794.1,9,1096
82,9769.099999999999,10,1106
666,9753.8,8,1114
1,9744.75,7,1121
267,9706.56,8,1129
522,9674.85,8,1137
1671,9672.1,7,1144
2195,9652.5,9,1153
2510,9624.449999999999,9,1162
1677,9597.95,9,1171
1879,9570.85,9,1180
840,9559.95,10,1190
2001,9557.5,4,1194
2290,9551.0,10,1204
108,9543.949999999999,7,1211
549,9534.3,10,1221
677,9501.749999999998,7,1228
1588,9498.85,6,1234
962,9454.6,10,1244
2109,9430.550000000001,8,1252
2163,9427.5,9,1261
1043,9419.5,8,1269
1695,9362.9,4,1273
861,9297.45,4,1277
4,9227.960000000001,10,1287
2665,9210.4,10,1297
1932,9203.25,9,1306
2246,9186.900000000001,7,1313
428,9160.56,9,1322
1950,9131.65,10,1332
436,9114.750000000002,6,1338
1418,9110.449999999999,6,1344
1809,9091.35,9,1353
2582,9049.75,8,1361
1048,9034.05,7,1368
2442,9022.15,4,1372
237,8975.6,9,1381
1274,8969.900000000001,9,1390
2432,8969.05,9,1399
386,8933.4,6,1405
1683,8917.1,10,1415
2344,8904.25,10,1425
1869,8900.1,9,1434
533,8880.25,6,1440
1237,8846.65,4,1444
2004,8769.3,10,1454
358,8739.89,7,1461
501,8735.45,10,1471
2128,8704.7,6,1477
1331,8688.1,10,1487
1524,8655.550000000001,8,1495
2035,8627.300000000003,9,1504
1260,8625.800000000001,5,1509
320,8620.6,10,1519
1308,8617.7,4,1523
482,8615.449999999999,6,1529
1522,8558.2,9,1538
2264,8529.450000000003,8,1546
183,8526.6,3,1549
2417,8522.4,8,1557
457,8490.300000000001,9,1566
2423,8477.800000000001,10,1576
1273,8476.800000000001,8,1584
779,8454.24,7,1591
2087,8437.75,10,1601
2706,8423.15,10,1611
913,8416.9,4,1615
1303,8374.05,9,1624
2649,8372.949999999999,6,1630
1385,8367.1,3,1633
24,8361.55,8,1641
184,8325.75,10,1651
933,8322.949999999999,9,1660
847,8254.35,7,1667
1874,8250.4,9,1676
2206,8226.15,4,1680
654,8214.650000000001,7,1687
137,8193.4,8,1695
6,8144.019999999999,8,1703
2312,8142.299999999999,8,1711
2515,8133.2,5,1716
2555,8090.1,8,1724
649,8085.649999999999,10,1734
2300,8076.900000000001,10,1744
1189,8051.7,4,1748
2700,8050.25,6,1754
1348,8035.1,6,1760
1710,8012.450000000002,10,1770
359,8004.799999999999,10,1780
91,7984.650000000001,10,1790
2579,7983.000000000001,3,1793
1427,7954.349999999999,10,1803
2764,7949.35,4,1807
489,7913.7,5,1812
1645,7900.35,5,1817
2173,7870.3,6,1823
993,7839.500000000001,5,1828
1252,7831.5,6,1834
1236,7826.900000000001,9,1843
2492,7819.349999999999,9,1852
941,7797.23,10,1862
1051,7740.85,10,1872
162,7740.1,9,1881
569,7709.05,10,1891
702,7696.549999999999,5,1896
1179,7685.099999999999,4,1900
897,7669.2,3,1903
1666,7658.749999999999,10,1913
1606,7646.259999999998,10,1923
2252,7643.55,9,1932
1875,7619.8,3,1935
68,7595.9000000000015,10,1945
670,7590.1,4,1949
2527,7563.689999999999,9,1958
1141,7539.95,9,1967
1857,7516.7,9,1976
2026,7502.500000000001,7,1983
1369,7496.7,7,1990
32,7487.5,7,1997
333,7454.499999999998,6,2003
1100,7447.7,6,2009
2243,7440.15,9,2018
554,7433.0,10,2028
2377,7428.45,7,2035
606,7405.0,8,2043
2356,7393.7,10,2053
1718,7378.799999999999,4,2057
535,7369.4,8,2065
361,7365.500000000001,8,2073
1625,7346.05,9,2082
393,7343.849999999999,2,2084
1255,7333.8,8,2092
2098,7323.249999999999,10,2102
1577,7308.070000000001,8,2110
1133,7303.250000000001,6,2116
1940,7303.25,9,2125
1425,7287.049999999999,7,2132
44,7265.61,5,2137
984,7230.299999999999,10,2147
1367,7227.9,10,2157
919,7225.799999999998,10,2167
292,7158.450000000001,7,2174
2189,7146.799999999999,5,2179
2613,7140.549999999999,10,2189
2481,7130.4,5,2194
0,7085.25,7,2201
2009,7083.049999999999,10,2211
399,7078.35,4,2215
248,7054.95,10,2225
2701,7049.9,9,2234
2261,7046.499999999999,9,2243
1685,7033.3,8,2251
42,7022.15,6,2257
1408,7010.950000000001,8,2265
1771,6996.749999999999,8,2273
858,6970.65,6,2279
25,6970.59,8,2287
1750,6969.7,8,2295
409,6968.81,9,2304
2292,6954.79,6,2310
1738,6942.3,7,2317
1054,6926.59,10,2327
1022,6925.750000000001,7,2334
661,6920.8,5,2339
1105,6920.400000000001,5,2344
2276,6908.4,8,2352
60,6867.7,9,2361
1736,6850.45,4,2365
1954,6847.900000000001,8,2373
2600,6838.95,7,2380
1651,6833.55,7,2387
1240,6824.450000000001,8,2395
1822,6820.800000000001,8,2403
1917,6813.65,9,2412
504,6811.900000000001,8,2420
240,6810.75,7,2427
2523,6806.8,10,2437
1214,6776.799999999999,5,2442
226,6775.0,7,2449
2673,6769.75,3,2452
805,6756.799999999999,4,2456
2370,6756.400000000001,9,2465
1797,6746.299999999999,7,2472
302,6731.950000000001,9,2481
1560,6731.800000000001,10,2491
2610,6701.5,10,2501
444,6698.15,10,2511
814,6694.700000000001,8,2519
1911,6690.400000000001,4,2523
1422,6666.550000000001,8,2531
1511,6655.35,5,2536
74,6642.799999999999,7,2543
374,6638.0,5,2548
860,6637.2,3,2551
2347,6631.599999999999,9,2560
1973,6621.35,9,2569
2152,6610.0,5,2574
2611,6598.849999999999,10,2584
115,6587.2,8,2592
786,6586.5,9,2601
2443,6576.100000000001,6,2607
2760,6570.110000000001,9,2616
198,6545.050000000001,10,2626
1887,6542.25,6,2632
369,6540.74,10,2642
2503,6516.35,4,2646
2470,6511.85,2,2648
2320,6504.15,5,2653
1913,6491.0,8,2661
841,6487.11,10,2671
1186,6486.900000000001,10,2681
1258,6468.2,6,2687
2595,6462.65,9,2696
2103,6454.85,9,2705
2339,6440.910000000001,10,2715
119,6430.16,9,2724
511,6420.849999999999,7,2731
1103,6417.9,8,2739
1860,6413.8,7,2746
978,6408.549999999999,10,2756
379,6402.15,7,2763
344,6401.2,8,2771
1880,6394.14,7,2778
2208,6388.75,5,2783
2526,6387.2,10,2793
313,6380.930000000001,8,2801
2316,6376.499999999999,10,2811
1362,6364.38,9,2820
1765,6355.91,9,2829
1735,6325.74,10,2839
1463,6314.9,10,2849
2439,6312.799999999999,8,2857
617,6291.349999999999,5,2862
2556,6284.25,4,2866
384,6281.5999999999985,7,2873
105,6276.7,7,2880
1989,6276.45,7,2887
2391,6275.15,4,2891
1361,6269.25,8,2899
2390,6264.2,7,2906
1352,6254.8,8,2914
2525,6254.5,9,2923
795,6253.349999999999,5,2928
173,6231.5,10,2938
2548,6212.7,5,2943
963,6189.849999999999,8,2951
1083,6188.299999999999,9,2960
1069,6177.25,4,2964
1700,6173.4,3,2967
716,6170.050000000001,8,2975
1000,6151.35,5,2980
2183,6150.9,9,2989
875,6142.900000000001,8,2997
1314,6128.8,7,3004
2511,6127.1,9,3013
1501,6121.349999999999,5,3018
1732,6120.950000000001,7,3025
2094,6115.400000000001,9,3034
1601,6114.8,10,3044
2060,6111.4,2,3046
1813,6100.849999999999,8,3054
181,6090.3,8,3062
1338,6069.6,9,3071
2519,6057.599999999999,5,3076
2110,6049.8,4,3080
1409,6046.650000000001,7,3087
2120,6028.05,9,3096
708,6027.189999999999,10,3106
1794,6019.23,10,3116
1836,6002.85,5,3121
110,5996.650000000001,10,3131
1399,5977.799999999999,5,3136
453,5974.499999999999,9,3145
1728,5958.35,10,3155
2731,5958.0,4,3159
584,5951.849999999999,6,3165
357,5946.549999999999,9,3174
581,5935.45,9,3183
2194,5930.7,6,3189
1344,5928.95,9,3198
2005,5922.499999999999,6,3204
1309,5894.16,10,3214
1109,5892.29,10,3224
976,5882.8,10,3234
983,5869.07,10,3244
2102,5862.449999999999,9,3253
1280,5857.9,10,3263
671,5851.549999999999,10,3273
2608,5845.55,8,3281
1188,5842.5,10,3291
1247,5837.24,9,3300
2661,5833.98,8,3308
1539,5832.8,10,3318
568,5831.9,3,3321
2269,5828.25,8,3329
194,5825.449999999999,10,3339
943,5825.4,3,3342
2092,5819.1,2,3344
2341,5807.349999999999,10,3354
2506,5799.9,10,3364
404,5792.75,6,3370
1002,5789.549999999999,7,3377
362,5785.299999999999,8,3385
2056,5783.4,3,3388
2639,5781.2,6,3394
1749,5765.249999999999,6,3400
2616,5764.02,5,3405
1277,5756.15,10,3415
831,5752.099999999999,4,3419
1971,5751.2,9,3428
2733,5747.7,8,3436
2240,5740.300000000001,8,3444
1729,5738.799999999999,7,3451
366,5730.5,10,3461
572,5725.66,10,3471
1421,5712.85,3,3474
2493,5709.0,1,3475
939,5707.4,8,3483
1198,5663.149999999999,9,3492
151,5659.0999999999985,9,3501
1965,5651.0999999999985,9,3510
118,5622.5,3,3513
1169,5615.4,5,3518
867,5613.2,7,3525
1573,5607.32,9,3534
985,5605.2,3,3537
2176,5601.95,10,3547
1468,5599.45,9,3556
1840,5587.929999999999,9,3565
1492,5586.399999999999,9,3574
1946,5566.799999999999,2,3576
1383,5562.299999999999,8,3584
701,5553.799999999999,7,3591
1059,5553.799999999999,8,3599
1744,5547.889999999999,6,3605
2615,5546.0,7,3612
2099,5498.1,5,3617
424,5483.549999999999,5,3622
430,5473.500000000001,10,3632
513,5455.849999999999,7,3639
422,5451.45,6,3645
2367,5441.299999999999,5,3650
2396,5435.7,10,3660
253,5426.549999999999,8,3668
631,5426.3,7,3675
1830,5400.5,10,3685
2621,5393.099999999999,9,3694
1041,5392.299999999999,8,3702
1005,5370.389999999999,4,3706
885,5365.950000000001,10,3716
2039,5350.749999999999,9,3725
520,5346.500000000001,8,3733
2618,5336.749999999999,4,3737
893,5331.099999999999,2,3739
1903,5325.7,8,3747
2521,5325.099999999999,9,3756
2727,5314.97,6,3762
39,5312.55,8,3770
2754,5298.4,8,3778
2504,5295.799999999999,4,3782
1547,5292.05,10,3792
1593,5282.1,5,3797
380,5273.65,7,3804
1319,5252.700000000001,4,3808
612,5230.95,8,3816
1356,5230.45,9,3825
1833,5215.95,1,3826
2717,5203.130000000001,6,3832
2699,5200.349999999999,10,3842
2171,5199.45,4,3846
355,5198.789999999999,10,3856
1389,5196.150000000001,7,3863
231,5195.8,3,3866
491,5187.45,3,3869
2746,5180.1,10,3879
2482,5170.679999999999,10,3889
1063,5167.899999999999,8,3897
66,5166.849999999999,8,3905
845,5156.95,9,3914
822,5152.930000000001,9,3923
1981,5141.35,6,3929
627,5140.900000000001,9,3938
261,5140.050000000001,8,3946
741,5138.099999999999,2,3948
2354,5132.9,7,3955
1633,5128.7,7,3962
1636,5127.65,7,3969
496,5120.87,9,3978
799,5095.75,2,3980
1428,5095.2,7,3987
1975,5090.55,6,3993
123,5076.700000000001,9,4002
1207,5074.5,3,4005
2575,5061.9,5,4010
473,5058.4,4,4014
1134,5049.299999999999,3,4017
1854,5033.9,6,4023
519,5031.6,3,4026
26,5026.05,4,4030
1347,5022.5,10,4040
834,5011.55,8,4048
477,5009.95,9,4057
1453,5003.85,8,4065
2748,4999.55,7,4072
2364,4991.199999999999,7,4079
1538,4989.75,3,4082
658,4989.05,10,4092
169,4975.7,9,4101
1058,4974.95,2,4103
756,4971.55,8,4111
2676,4964.099999999999,7,4118
932,4962.3,9,4127
1456,4951.1,4,4131
1709,4949.6,9,4140
2133,4945.6,8,4148
276,4939.3,7,4155
2583,4936.599999999999,10,4165
1125,4936.349999999999,3,4168
1938,4934.25,4,4172
637,4933.099999999999,9,4181
2598,4929.35,4,4185
2169,4928.55,1,4186
2114,4916.0199999999995,8,4194
1858,4915.950000000001,7,4201
2130,4908.45,3,4204
2394,4901.5,7,4211
1562,4898.150000000001,7,4218
2362,4895.099999999999,2,4220
2772,4884.4,4,4224
367,4879.849999999999,5,4229
1218,4878.849999999999,10,4239
1180,4878.599999999999,1,4240
1434,4871.85,7,4247
1228,4868.949999999999,9,4256
1882,4865.1,4,4260
1810,4861.75,9,4269
1050,4855.5,9,4278
2632,4852.449999999999,9,4287
2452,4848.35,8,4295
1317,4843.650000000001,3,4298
1507,4838.700000000001,10,4308
2441,4786.1,5,4313
2181,4783.85,4,4317
103,4781.36,9,4326
410,4777.3,9,4335
144,4776.15,2,4337
36,4766.249999999999,9,4346
711,4765.85,8,4354
484,4761.65,7,4361
2705,4757.599999999999,8,4369
872,4755.45,9,4378
1292,4752.950000000001,8,4386
1444,4745.979999999999,10,4396
1074,4745.25,8,4404
310,4741.7,10,4414
419,4723.65,9,4423
953,4721.1,8,4431
192,4719.35,7,4438
792,4717.55,10,4448
2155,4715.25,9,4457
1155,4707.1,10,4467
1706,4694.549999999999,10,4477
994,4693.25,5,4482
828,4689.8,4,4486
1149,4689.7,9,4495
1698,4689.55,9,4504
865,4662.24,8,4512
848,4659.15,9,4521
431,4650.15,7,4528
510,4647.249999999999,9,4537
299,4644.900000000001,10,4547
640,4642.31,9,4556
268,4634.44,9,4565
2522,4632.05,9,4574
2059,4631.3099999999995,10,4584
2160,4631.3,6,4590
2518,4605.4,7,4597
1527,4598.45,9,4606
1661,4590.959999999999,9,4615
371,4586.24,8,4623
1959,4583.029999999999,2,4625
1251,4582.099999999999,5,4630
470,4577.75,6,4636
1471,4566.849999999999,8,4644
2,4555.200000000001,7,4651
2335,4553.67,2,4653
1132,4552.55,10,4663
774,4541.55,5,4668
632,4538.55,7,4675
2558,4535.349999999999,7,4682
2070,4531.67,8,4690
2667,4515.75,6,4696
23,4514.85,9,4705
50,4514.49,10,4715
1053,4512.04,6,4721
950,4511.299999999999,4,4725
1177,4511.0,8,4733
65,4510.299999999999,5,4738
1870,4508.7,2,4740
2136,4507.25,7,4747
2028,4505.55,9,4756
2678,4500.7,10,4766
2628,4499.45,7,4773
2331,4495.8,7,4780
1442,4495.349999999999,6,4786
1062,4494.799999999999,7,4793
643,4491.2,8,4801
1791,4475.25,6,4807
624,4450.15,9,4816
2387,4436.549999999999,10,4826
1703,4435.95,9,4835
1296,4424.45,6,4841
2374,4415.549999999999,10,4851
467,4407.55,8,4859
1460,4405.95,8,4867
730,4405.74,9,4876
2607,4397.75,5,4881
1410,4394.6,9,4890
1222,4394.150000000001,9,4899
809,4393.349999999999,8,4907
1719,4385.7,7,4914
1404,4384.17,8,4922
1153,4383.25,6,4928
595,4382.349999999999,10,4938
2389,4378.3,8,4946
246,4363.4,8,4954
544,4360.2,3,4957
2614,4354.25,10,4967
145,4353.6,10,4977
2131,4349.25,7,4984
2444,4342.75,2,4986
2660,4342.18,7,4993
1631,4337.8,7,5000
1578,4336.5,5,5005
2710,4333.5,10,5015
1118,4333.2,9,5024
1458,4331.3,6,5030
616,4328.2,6,5036
174,4326.8,8,5044
2215,4321.25,7,5051
1763,4311.15,5,5056
2013,4308.749999999999,7,5063
1829,4308.549999999999,9,5072
2065,4307.7,4,5076
1579,4301.55,6,5082
19,4296.95,9,5091
1166,4294.25,5,5096
2307,4291.049999999999,8,5104
771,4267.9,7,5111
570,4266.39,8,5119
676,4266.35,6,5125
311,4260.1,4,5129
1886,4259.799999999999,7,5136
508,4255.999999999999,6,5142
2268,4252.900000000001,10,5152
2222,4252.4800000000005,5,5157
490,4241.65,7,5164
1227,4230.8,7,5171
1714,4226.95,10,5181
532,4224.94,8,5189
790,4210.55,6,5195
2278,4203.05,7,5202
427,4200.4,3,5205
1884,4192.899999999999,8,5213
1378,4191.6,8,5221
2467,4187.75,2,5223
30,4185.25,5,5228
2318,4182.5,4,5232
309,4176.4,6,5238
1994,4174.15,10,5248
117,4163.92,8,5256
1914,4163.8,7,5263
737,4157.7,10,5273
784,4154.55,6,5279
2405,4153.4,10,5289
2758,4151.05,2,5291
265,4150.35,3,5294
2187,4129.15,10,5304
1275,4126.150000000001,8,5312
1918,4121.889999999999,10,5322
1652,4118.55,5,5327
1036,4118.099999999999,1,5328
1582,4116.9,8,5336
227,4116.049999999999,9,5345
1847,4107.75,7,5352
249,4101.95,5,5357
2624,4100.099999999999,6,5363
1682,4098.719999999999,8,5371
2593,4096.25,7,5378
2382,4095.25,4,5382
426,4090.0,4,5386
1479,4087.95,9,5395
2134,4081.1,9,5404
1712,4078.65,7,5411
2695,4072.0000000000005,8,5419
1768,4065.5000000000005,6,5425
190,4046.7499999999995,10,5435
1820,4040.9,8,5443
1390,4039.7000000000003,3,5446
813,4039.1499999999996,10,5456
982,4034.2500000000005,7,5463
1902,4032.3999999999996,9,5472
1467,4029.4499999999994,5,5477
1737,4025.26,7,5484
1784,4018.65,8,5492
2097,4017.68,7,5499
1076,4015.65,6,5505
2038,4015.2999999999997,7,5512
1575,4014.3700000000003,10,5522
966,3999.1,8,5530
456,3997.6,6,5536
1099,3996.45,8,5544
1128,3996.2999999999997,7,5551
2398,3990.0,2,5553
1509,3984.0499999999997,10,5563
186,3980.3999999999996,4,5567
2680,3979.5999999999995,8,5575
2674,3978.1000000000004,4,5579
2647,3974.05,10,5589
1783,3972.4,9,5598
1617,3970.35,3,5601
638,3967.35,6,5607
892,3965.15,5,5612
1233,3958.9999999999995,6,5618
1437,3957.75,8,5626
772,3954.75,5,5631
2196,3951.2,7,5638
2531,3946.13,10,5648
1261,3944.649999999999,10,5658
2033,3944.05,7,5665
1586,3937.9999999999995,9,5674
2184,3930.9999999999995,8,5682
576,3930.1499999999996,2,5684
2188,3928.75,9,5693
1248,3928.6,9,5702
433,3928.3499999999995,5,5707
996,3922.85,6,5713
2604,3910.2,6,5719
2284,3905.6499999999996,6,5725
1262,3904.0,8,5733
959,3903.8,8,5741
1912,3900.8500000000004,8,5749
2489,3900.5,5,5754
1487,3895.4000000000005,9,5763
975,3879.7,7,5770
878,3875.89,7,5777
1001,3870.7,9,5786
1256,3870.0499999999997,7,5793
150,3849.6,4,5797
2006,3843.1499999999996,6,5803
1381,3840.05,10,5813
1967,3833.85,5,5818
347,3825.6,9,5827
83,3823.6499999999996,7,5834
1007,3812.85,6,5840
2498,3812.2999999999997,2,5842
2495,3811.6,8,5850
2164,3807.5499999999997,10,5860
1391,3806.45,10,5870
2294,3804.1,8,5878
1742,3801.1499999999996,7,5885
1405,3793.2999999999997,9,5894
1525,3792.3999999999996,5,5899
796,3788.5499999999997,6,5905
794,3788.3999999999996,5,5910
1157,3786.1999999999994,7,5917
710,3785.55,9,5926
2282,3781.1,6,5932
838,3780.05,7,5939
927,3763.25,4,5943
2045,3763.2,6,5949
348,3762.1,7,5956
43,3748.6500000000005,9,5965
2066,3747.05,5,5970
2743,3745.249999999999,10,5980
2745,3741.75,9,5989
1838,3738.85,4,5993
587,3736.55,2,5995
1648,3732.25,3,5998
1731,3731.85,10,6008
2122,3729.75,6,6014
1561,3725.2,5,6019
2067,3719.3,5,6024
2180,3710.85,4,6028
2301,3701.3999999999996,2,6030
2113,3690.2999999999997,9,6039
728,3684.7,5,6044
2115,3679.1499999999996,10,6054
180,3674.55,9,6063
1905,3669.1999999999994,5,6068
131,3665.35,8,6076
1127,3665.2500000000005,6,6082
970,3652.6499999999996,7,6089
139,3642.0500000000006,10,6099
752,3628.25,7,6106
1266,3626.499999999999,8,6114
1187,3624.3199999999997,9,6123
125,3620.6499999999996,1,6124
1514,3619.06,9,6133
1192,3617.2499999999995,8,6141
1835,3612.28,8,6149
149,3611.7499999999995,2,6151
328,3608.4,10,6161
916,3603.15,1,6162
2224,3602.1999999999994,7,6169
1386,3601.9499999999994,10,6179
2235,3593.1000000000004,2,6181
177,3593.1000000000004,5,6186
704,3579.5499999999993,10,6196
1724,3578.9,9,6205
1730,3557.6299999999997,7,6212
84,3555.6,8,6220
2117,3553.749999999999,10,6230
823,3542.84,8,6238
811,3541.85,5,6243
2728,3537.55,10,6253
239,3529.4999999999995,5,6258
2365,3526.95,9,6267
1863,3526.0,10,6277
2636,3524.6500000000005,9,6286
1983,3524.5499999999997,4,6290
296,3522.2499999999995,6,6296
1079,3521.1499999999996,5,6301
660,3516.95,10,6311
111,3516.0,5,6316
1576,3511.8499999999995,7,6323
2019,3511.4,9,6332
2597,3509.85,9,6341
969,3504.8899999999994,8,6349
1116,3502.3499999999995,10,6359
17,3500.35,7,6366
2281,3499.8500000000004,9,6375
580,3499.5499999999997,5,6380
185,3496.5,7,6387
2078,3494.4,6,6393
1293,3494.0,9,6402
965,3492.9,6,6408
1672,3490.6499999999996,7,6415
2376,3488.98,4,6419
1526,3488.4,2,6421
1856,3478.9999999999995,8,6429
2386,3477.6899999999996,10,6439
2741,3476.25,9,6448
1380,3466.6200000000003,7,6455
1780,3464.8500000000004,5,6460
2298,3463.5499999999997,8,6468
1148,3460.5600000000004,4,6472
1064,3459.9500000000003,6,6478
2430,3454.25,5,6483
1270,3443.5499999999997,6,6489
1699,3443.4500000000003,6,6495
394,3442.9,9,6504
2420,3435.4999999999995,10,6514
243,3433.6,6,6520
1217,3433.4999999999995,4,6524
1239,3430.9999999999995,5,6529
881,3427.0999999999995,10,6539
1935,3426.9000000000005,10,6549
2147,3426.55,8,6557
1430,3426.45,7,6564
1823,3421.05,10,6574
951,3417.7499999999995,8,6582
2429,3417.3999999999996,6,6588
2032,3415.05,8,6596
2419,3412.0499999999997,9,6605
1686,3410.7000000000003,10,6615
2310,3392.4,5,6620
1440,3387.6,10,6630
1094,3384.4999999999995,5,6635
1167,3384.1,3,6638
1302,3374.5799999999995,10,6648
1341,3373.3499999999995,5,6653
77,3370.9,5,6658
2014,3369.2500000000005,8,6666
675,3354.4,3,6669
2532,3353.6000000000004,8,6677
1172,3350.1,7,6684
148,3349.7,8,6692
1697,3344.2999999999997,9,6701
1531,3342.9999999999995,10,6711
1175,3333.4999999999995,10,6721
1739,3330.2999999999997,6,6727
1901,3329.7499999999995,10,6737
907,3329.34,8,6745
1746,3328.5999999999995,9,6754
1552,3328.4700000000003,7,6761
1654,3328.2999999999997,6,6767
1137,3327.85,9,6776
2693,3327.55,10,6786
2296,3325.4999999999995,9,6795
1135,3321.6,3,6798
2236,3321.15,4,6802
1055,3320.2799999999997,8,6810
1583,3319.7999999999997,9,6819
1499,3316.5999999999995,7,6826
652,3314.05,6,6832
2601,3309.7,8,6840
2015,3301.2499999999995,5,6845
2646,3300.7999999999993,8,6853
1664,3300.7,7,6860
952,3300.5499999999997,6,6866
2400,3297.5,8,6874
1646,3293.75,6,6880
2135,3288.9999999999995,4,6884
594,3284.42,8,6892
2061,3281.35,6,6898
801,3277.25,3,6901
909,3277.0499999999997,5,6906
1623,3275.4999999999995,4,6910
1085,3273.93,5,6915
736,3273.75,9,6924
2753,3266.9500000000003,9,6933
2590,3264.1,5,6938
1205,3263.85,8,6946
403,3262.1,5,6951
411,3260.4,4,6955
681,3252.8999999999996,4,6959
1306,3251.25,4,6963
263,3251.1499999999996,7,6970
1513,3248.4,10,6980
2250,3245.7999999999997,8,6988
234,3242.3999999999996,5,6993
655,3240.8,7,7000
642,3231.6499999999996,9,7009
1011,3226.85,8,7017
630,3223.9999999999995,2,7019
590,3222.6,3,7022
2708,3222.0499999999997,9,7031
1815,3216.2999999999997,8,7039
2722,3210.2000000000003,9,7048
2340,3208.9499999999994,10,7058
354,3207.4,4,7062
2263,3195.2,5,7067
2640,3193.3500000000004,7,7074
2458,3192.0,2,7076
2321,3189.2000000000003,5,7081
886,3188.6500000000005,7,7088
956,3182.35,9,7097
1161,3176.3999999999996,5,7102
1804,3175.4999999999995,9,7111
1377,3173.7499999999995,9,7120
2471,3171.8500000000004,5,7125
2253,3170.1499999999996,7,7132
1379,3166.3,5,7137
819,3164.1,1,7138
2137,3154.75,8,7146
620,3147.15,5,7151
1164,3146.9500000000003,8,7159
16,3144.7499999999995,6,7165
2691,3135.1,6,7171
2656,3127.5499999999997,9,7180
2756,3115.9,6,7186
1065,3114.4500000000003,9,7195
1046,3114.0,2,7197
810,3109.5,9,7206
1619,3104.1899999999996,5,7211
2500,3100.8,5,7216
1508,3100.75,3,7219
2186,3100.6499999999996,3,7222
1888,3093.1000000000004,8,7230
1845,3088.0000000000005,3,7233
2177,3078.2999999999997,6,7239
451,3073.9999999999995,6,7245
1635,3063.11,8,7253
56,3063.0999999999995,6,7259
81,3062.45,10,7269
1966,3059.95,6,7275
656,3059.0699999999997,10,7285
968,3044.75,9,7294
2330,3039.4999999999995,3,7297
669,3031.5299999999997,6,7303
1614,3031.25,9,7312
2592,3030.7000000000003,10,7322
1969,3024.15,4,7326
2533,3016.5,10,7336
1090,3015.1,10,7346
593,3012.5,8,7354
134,3012.0,5,7359
1629,3011.2500000000005,10,7369
1980,3007.85,2,7371
1235,3007.75,10,7381
705,3002.2,10,7391
766,3002.0,6,7397
757,2998.35,7,7404
2062,2997.55,10,7414
683,2995.0,4,7418
389,2992.6499999999996,10,7428
273,2988.85,7,7435
991,2988.7499999999995,7,7442
1558,2984.5000000000005,8,7450
1215,2984.3300000000004,8,7458
2302,2984.15,7,7465
2412,2982.2,9,7474
1028,2980.55,10,7484
469,2977.95,5,7489
1351,2976.3499999999995,10,7499
1846,2971.8,6,7505
575,2970.7,6,7511
2541,2967.8499999999995,3,7514
739,2967.75,5,7519
163,2965.1,6,7525
318,2958.2999999999997,4,7529
719,2956.3,5,7534
165,2955.3,2,7536
2577,2954.65,5,7541
1641,2947.9,2,7543
2304,2943.0,3,7546
2257,2941.5499999999997,10,7556
2319,2937.7,10,7566
735,2935.1,3,7569
1490,2935.1,7,7576
1596,2929.7999999999997,3,7579
2008,2927.4999999999995,5,7584
2029,2927.25,3,7587
626,2923.7400000000002,9,7596
598,2922.0499999999997,9,7605
2557,2919.4,3,7608
697,2918.95,8,7616
2334,2918.45,9,7625
2272,2916.4,9,7634
1740,2911.35,5,7639
1807,2909.7000000000003,9,7648
1289,2908.3,7,7655
1598,2897.4999999999995,10,7665
1429,2897.3199999999997,6,7671
2148,2896.15,8,7679
146,2894.85,9,7688
2539,2894.0,9,7697
1017,2893.7399999999993,6,7703
582,2888.0499999999997,4,7707
1600,2884.2999999999997,10,7717
629,2880.7499999999995,10,7727
1945,2878.2,7,7734
2084,2877.7,4,7738
1413,2875.7,10,7748
2327,2868.5499999999997,8,7756
2535,2867.8300000000004,8,7764
2167,2867.4500000000003,4,7768
339,2865.6999999999994,4,7772
802,2865.2,4,7776
193,2864.7,10,7786
18,2855.1,5,7791
2217,2851.7999999999997,5,7796
38,2846.8,5,7801
2077,2844.6499999999996,9,7810
762,2844.25,7,7817
755,2824.8999999999996,5,7822
1357,2808.5999999999995,8,7830
365,2808.3500000000004,8,7838
293,2807.95,6,7844
619,2804.9999999999995,7,7851
2762,2802.0,6,7857
1238,2800.3,6,7863
1032,2792.1,10,7873
703,2791.2499999999995,9,7882
8,2788.4500000000003,1,7883
235,2785.35,9,7892
1246,2785.25,5,7897
2212,2782.65,8,7905
22,2778.55,9,7914
1016,2775.2999999999997,1,7915
2178,2767.8999999999996,9,7924
987,2760.5499999999997,5,7929
529,2751.15,10,7939
937,2749.9,4,7943
733,2747.4500000000003,6,7949
1544,2745.2000000000003,10,7959
2273,2743.6,10,7969
1761,2743.4,3,7972
1006,2742.0499999999997,4,7976
1108,2740.7999999999997,8,7984
2464,2737.7,8,7992
2295,2736.9,10,8002
542,2736.5499999999997,8,8010
1948,2727.2999999999997,10,8020
687,2724.75,8,8028
1200,2718.84,6,8034
679,2715.5,7,8041
1518,2714.6499999999996,10,8051
1571,2714.25,10,8061
1553,2709.99,9,8070
1450,2695.95,5,8075
2606,2695.1,4,8079
1021,2694.95,10,8089
2773,2686.1000000000004,9,8098
2104,2684.4500000000003,7,8105
1653,2676.4,6,8111
1584,2675.7,9,8120
2737,2674.0,10,8130
2426,2670.6,8,8138
372,2667.7,5,8143
447,2665.5000000000005,7,8150
1922,2662.0999999999995,9,8159
928,2659.95,5,8164
417,2655.8999999999996,7,8171
2462,2654.8,4,8175
1848,2654.7499999999995,10,8185
142,2651.1,5,8190
1505,2648.15,10,8200
1892,2647.99,6,8206
1853,2646.7,5,8211
1370,2645.95,3,8214
2085,2643.7999999999997,6,8220
1721,2642.45,6,8226
438,2640.0499999999997,7,8233
158,2639.85,3,8236
99,2638.6,7,8243
1925,2637.5,5,8248
1443,2631.85,4,8252
1608,2630.0899999999997,5,8257
259,2627.7,8,8265
1462,2622.8999999999996,8,8273
1708,2615.6499999999996,8,8281
1834,2615.3999999999996,10,8291
854,2614.0699999999997,9,8300
2652,2611.2899999999995,4,8304
245,2609.51,6,8310
2393,2605.5,9,8319
761,2602.8199999999997,9,8328
407,2588.9999999999995,10,8338
270,2584.9,8,8346
167,2584.7999999999997,1,8347
634,2577.05,4,8351
1071,2571.9999999999995,6,8357
130,2569.9700000000003,5,8362
1136,2568.9500000000003,5,8367
1173,2564.25,7,8374
1639,2563.9,8,8382
1406,2561.3,8,8390
2185,2561.1499999999996,8,8398
182,2559.7,3,8401
1060,2556.65,9,8410
1093,2549.2,4,8414
673,2547.2000000000003,7,8421
2175,2544.6499999999996,8,8429
589,2544.1499999999996,9,8438
1417,2541.1499999999996,5,8443
514,2537.65,4,8447
929,2533.5,10,8457
2544,2531.6000000000004,8,8465
1313,2529.75,8,8473
432,2527.7000000000003,8,8481
2425,2526.75,10,8491
1494,2519.6099999999997,10,8501
2659,2517.4999999999995,8,8509
1223,2516.55,3,8512
1942,2514.6000000000004,10,8522
2683,2512.7000000000003,7,8529
887,2505.2,4,8533
1485,2503.3999999999996,8,8541
1541,2494.2000000000003,10,8551
2260,2492.1,9,8560
1894,2483.05,5,8565
497,2480.6499999999996,6,8571
69,2479.6,5,8576
401,2476.9,1,8577
2603,2472.5999999999995,9,8586
277,2472.45,5,8591
329,2471.75,10,8601
2154,2471.4999999999995,8,8609
2491,2470.25,5,8614
793,2467.85,6,8620
1061,2467.25,6,8626
588,2465.4499999999994,6,8632
1717,2463.2499999999995,10,8642
518,2453.4,7,8649
1395,2450.99,9,8658
1295,2445.95,7,8665
90,2445.4999999999995,10,8675
849,2435.75,10,8685
1082,2431.35,9,8694
1095,2425.95,8,8702
2594,2424.05,4,8706
915,2420.3,4,8710
2538,2419.3999999999996,6,8716
2668,2417.7400000000002,9,8725
1953,2416.5,6,8731
35,2410.58,8,8739
977,2405.95,6,8745
1605,2405.8,3,8748
1812,2403.7,3,8751
657,2403.0,6,8757
223,2400.9999999999995,4,8761
47,2396.0,4,8765
815,2386.7200000000003,6,8771
59,2383.7500000000005,9,8780
2623,2383.7000000000003,10,8790
1790,2383.4,7,8797
1793,2380.0,6,8803
1754,2376.0499999999997,10,8813
1096,2370.6,7,8820
1194,2369.0499999999997,3,8823
255,2367.2,8,8831
2046,2360.95,5,8836
191,2360.9399999999996,6,8842
1360,2360.6,4,8846
1688,2358.0,5,8851
1449,2357.6,6,8857
282,2354.1,2,8859
62,2345.1499999999996,7,8866
2702,2341.1,8,8874
1762,2340.4,8,8882
1297,2337.85,7,8889
1704,2337.75,8,8897
2072,2334.95,3,8900
890,2332.6000000000004,7,8907
2158,2332.3,3,8910
2162,2330.9999999999995,9,8919
760,2328.0,4,8923
2739,2327.5,3,8926
445,2326.1,7,8933
2445,2323.95,8,8941
408,2323.3899999999994,7,8948
2297,2320.0499999999997,5,8953
2440,2317.5,4,8957
54,2317.35,8,8965
2438,2313.79,10,8975
2216,2313.0499999999997,8,8983
1665,2312.75,3,8986
824,2311.5499999999997,4,8990
743,2310.1499999999996,4,8994
1726,2309.85,8,9002
304,2309.45,10,9012
883,2304.08,2,9014
1375,2299.2,8,9022
2265,2296.7000000000003,8,9030
2771,2294.2999999999997,7,9037
1800,2292.0000000000005,5,9042
1401,2286.6,9,9051
1893,2282.4500000000003,3,9054
2626,2280.35,9,9063
2697,2280.0,6,9069
28,2279.0,8,9077
1014,2278.96,5,9082
2752,2277.65,9,9091
2388,2276.2000000000003,9,9100
777,2276.1,6,9106
97,2275.85,6,9112
1720,2274.35,7,9119
2011,2272.7,3,9122
2512,2270.85,7,9129
502,2269.55,10,9139
2487,2268.15,5,9144
2054,2267.4700000000003,7,9151
1193,2264.2,2,9153
1012,2263.1499999999996,3,9156
2144,2261.5,6,9162
935,2260.65,3,9165
1656,2258.25,7,9172
877,2257.75,5,9177
2179,2257.4,4,9181
724,2256.95,9,9190
250,2251.85,10,9200
1753,2249.3,5,9205
321,2248.9500000000003,10,9215
305,2248.2499999999995,9,9224
971,2247.6000000000004,4,9228
2239,2239.18,7,9235
1478,2236.7,10,9245
324,2236.15,5,9250
1929,2229.7,8,9258
1337,2226.7500000000005,5,9263
827,2226.4199999999996,9,9272
2403,2224.1,3,9275
1330,2216.3,10,9285
2317,2212.0,6,9291
830,2204.55,2,9293
474,2198.9,1,9294
1998,2197.8,5,9299
2210,2197.8,3,9302
664,2197.7500000000005,7,9309
1650,2196.6,4,9313
765,2196.0499999999997,7,9320
2630,2195.2,9,9329
1110,2192.0,10,9339
1271,2188.0299999999997,7,9346
1250,2184.7599999999998,4,9350
1537,2179.25,6,9356
1669,2176.3,8,9364
2205,2173.05,4,9368
641,2171.0,3,9371
715,2163.3399999999997,8,9379
340,2160.4,6,9385
2314,2154.8500000000004,7,9392
450,2154.85,7,9399
1423,2153.2000000000003,6,9405
2357,2142.2500000000005,6,9411
1988,2139.75,6,9417
2774,2137.99,10,9427
934,2135.35,2,9429
1878,2134.7,8,9437
2404,2133.45,9,9446
252,2128.15,7,9453
494,2123.95,9,9462
121,2122.95,3,9465
825,2121.9,4,9469
220,2119.4,7,9476
2245,2114.3,6,9482
2569,2113.37,4,9486
1322,2111.4,1,9487
901,2111.25,7,9494
2549,2111.25,6,9500
2234,2110.85,3,9503
782,2110.6,5,9508
1420,2109.45,5,9513
2643,2106.8499999999995,6,9519
1534,2105.85,10,9529
684,2103.75,9,9538
100,2101.0499999999997,8,9546
2679,2098.4799999999996,5,9551
2088,2096.7499999999995,9,9560
138,2096.35,6,9566
1400,2095.7,8,9574
1951,2091.3,6,9580
2112,2090.75,5,9585
1300,2090.2,3,9588
1171,2086.6,7,9595
778,2084.5,3,9598
2453,2084.0,5,9603
2629,2077.6,4,9607
2064,2076.1499999999996,6,9613
2638,2074.9500000000003,4,9617
2076,2069.6,1,9618
1808,2069.05,10,9628
1484,2067.6499999999996,6,9634
1866,2064.3999999999996,5,9639
319,2059.7,6,9645
707,2059.25,5,9650
1550,2055.45,4,9654
1269,2052.25,8,9662
1543,2050.9500000000003,8,9670
622,2049.95,8,9678
853,2037.9,5,9683
1470,2034.2,7,9690
871,2028.9,5,9695
1674,2028.6000000000001,7,9702
2231,2020.7,7,9709
1897,2019.0400000000002,3,9712
1774,2018.3,10,9722
336,2015.4499999999998,5,9727
1031,2014.05,10,9737
29,2012.9099999999999,3,9740
2209,2012.65,7,9747
609,2005.6000000000001,6,9753
2200,2004.5,5,9758
2228,2002.5,6,9764
1982,1997.5000000000002,1,9765
868,1995.86,10,9775
559,1992.1999999999998,3,9778
2570,1982.9,4,9782
2687,1979.3000000000002,9,9791
1818,1976.5000000000002,6,9797
992,1975.45,7,9804
1904,1975.2,6,9810
2050,1969.1000000000001,10,9820
390,1968.0400000000002,3,9823
397,1965.75,8,9831
1488,1962.7,9,9840
1778,1957.1000000000001,8,9848
254,1953.1,6,9854
1146,1951.1,2,9856
2565,1948.6,7,9863
2509,1947.8,6,9869
260,1946.2999999999997,9,9878
2634,1946.2,8,9886
33,1945.8999999999999,1,9887
2003,1944.3500000000001,3,9890
155,1942.05,5,9895
1803,1941.71,2,9897
459,1940.3000000000002,8,9905
2153,1939.0,9,9914
2378,1937.8500000000001,8,9922
288,1937.5000000000002,8,9930
2036,1937.35,8,9938
1805,1935.75,3,9941
2530,1935.1499999999999,4,9945
2343,1934.5500000000002,3,9948
199,1934.25,2,9950
352,1932.85,9,9959
923,1929.25,8,9967
2161,1928.5,3,9970
2514,1927.8,7,9977
64,1922.6499999999999,2,9979
1454,1918.4,6,9985
512,1914.2,4,9989
625,1904.0,4,9993
1764,1903.01,9,10002
621,1902.05,2,10004
1520,1898.4799999999998,3,10007
1782,1891.3500000000001,3,10010
2299,1888.7499999999998,4,10014
2355,1887.75,3,10017
2025,1885.0500000000002,7,10024
2093,1884.3999999999999,4,10028
264,1882.4499999999998,6,10034
481,1882.1,1,10035
133,1881.2499999999998,4,10039
525,1878.5499999999997,6,10045
526,1876.85,6,10051
2199,1873.25,7,10058
1234,1871.0500000000002,5,10063
178,1870.3,9,10072
1759,1869.8,10,10082
920,1868.77,3,10085
1603,1868.3999999999999,6,10091
335,1868.1000000000001,9,10100
2229,1865.3999999999999,8,10108
667,1864.8,2,10110
604,1863.7,5,10115
1072,1861.5,9,10124
455,1858.4499999999998,8,10132
2765,1856.9,5,10137
114,1856.8999999999999,4,10141
1766,1856.8999999999999,1,10142
1844,1853.65,5,10147
1411,1852.3,10,10157
364,1850.6,7,10164
787,1844.3499999999997,9,10173
1350,1842.45,5,10178
1599,1842.45,1,10179
392,1842.0,4,10183
1210,1838.65,10,10193
285,1837.7,8,10201
1779,1836.15,7,10208
1997,1835.5,4,10212
1432,1834.3,7,10219
1024,1833.9500000000003,3,10222
1545,1831.55,7,10229
2759,1830.75,6,10235
210,1828.2,7,10242
1113,1827.65,7,10249
316,1827.45,5,10254
2561,1821.75,6,10260
446,1818.4500000000003,10,10270
1279,1816.35,6,10276
449,1814.4699999999998,7,10283
1612,1810.7500000000002,6,10289
1515,1810.0500000000002,4,10293
1170,1809.2,10,10303
1242,1806.4499999999998,9,10312
2091,1798.2,6,10318
465,1798.1,6,10324
2662,1796.9499999999998,6,10330
585,1790.4,2,10332
1871,1788.4,6,10338
2411,1786.3999999999999,4,10342
1078,1783.75,5,10347
2165,1781.8500000000001,9,10356
1481,1778.8999999999999,10,10366
884,1775.55,4,10370
1936,1774.05,7,10377
2563,1771.9,4,10381
1968,1767.0499999999997,3,10384
2472,1765.65,8,10392
1159,1765.2500000000002,4,10396
2449,1764.85,6,10402
2658,1764.6,2,10404
2620,1761.6,6,10410
1158,1761.2999999999997,8,10418
1282,1755.9499999999998,7,10425
179,1754.25,7,10432
1009,1746.3100000000002,9,10441
356,1746.0500000000002,7,10448
2057,1745.5,4,10452
2325,1742.5499999999997,3,10455
727,1739.1499999999999,3,10458
286,1737.1,2,10460
2763,1737.0500000000002,5,10465
1140,1735.5,9,10474
999,1734.6,6,10480
1355,1734.35,5,10485
2484,1729.6,4,10489
327,1726.9,6,10495
1604,1723.1999999999998,2,10497
73,1712.6999999999998,7,10504
1231,1710.93,4,10508
797,1707.95,8,10516
1182,1706.9,4,10520
2605,1704.6,5,10525
1775,1699.35,9,10534
486,1698.3000000000002,3,10537
745,1698.25,6,10543
1817,1692.1000000000001,6,10549
1264,1684.8,5,10554
104,1684.05,4,10558
1896,1683.55,10,10568
1640,1683.25,6,10574
1958,1678.2,4,10578
2505,1678.0,3,10581
46,1676.8999999999999,5,10586
2071,1676.15,5,10591
2322,1675.8000000000002,9,10600
1448,1675.0,9,10609
2672,1674.65,6,10615
2107,1669.9499999999998,4,10619
175,1669.3999999999999,7,10626
2650,1669.0599999999997,7,10633
2124,1667.15,10,10643
112,1666.2600000000002,5,10648
548,1665.8000000000002,10,10658
1792,1664.55,6,10664
696,1660.8,2,10666
800,1659.6,7,10673
1624,1655.55,5,10678
2564,1648.35,2,10680
1152,1647.4,7,10687
196,1646.3,4,10691
1992,1642.7500000000002,5,10696
2736,1637.7500000000002,5,10701
2690,1635.8999999999999,8,10709
653,1634.85,5,10714
1806,1633.8000000000002,5,10719
405,1630.6499999999999,5,10724
2619,1628.0500000000002,5,10729
1320,1626.35,5,10734
1035,1620.55,6,10740
891,1619.35,3,10743
2305,1616.7,5,10748
1568,1614.85,10,10758
2073,1609.35,10,10768
718,1607.6,8,10776
2703,1605.1999999999998,4,10780
2053,1604.95,7,10787
238,1603.4,6,10793
31,1599.1999999999998,1,10794
53,1597.5499999999997,9,10803
289,1591.8000000000002,4,10807
1755,1589.4,10,10817
2249,1587.45,4,10821
2193,1581.6000000000001,6,10827
1316,1580.03,5,10832
844,1578.1800000000003,10,10842
1445,1577.7500000000002,4,10846
2457,1574.1000000000001,2,10848
692,1571.1999999999998,7,10855
2545,1570.65,3,10858
52,1570.3999999999999,5,10863
2034,1567.7799999999997,7,10870
685,1559.7500000000002,5,10875
161,1558.0500000000002,1,10876
2397,1558.0500000000002,1,10877
764,1557.0,2,10879
1883,1552.9,10,10889
164,1550.8000000000002,5,10894
350,1550.05,4,10898
1168,1546.05,6,10904
1799,1545.3999999999999,8,10912
2384,1544.2700000000002,3,10915
601,1543.15,7,10922
958,1539.3500000000001,7,10929
2483,1539.25,4,10933
1927,1536.0500000000002,4,10937
1947,1531.45,2,10939
452,1530.9,7,10946
961,1527.1499999999999,10,10956
1455,1526.25,8,10964
1949,1525.1999999999998,10,10974
1519,1523.55,9,10983
668,1520.9,5,10988
763,1518.4499999999998,9,10997
2095,1509.2,5,11002
1122,1502.1,3,11005
2051,1499.1,6,11011
680,1497.5,4,11015
1773,1497.45,6,11021
1908,1495.15,9,11030
2352,1491.75,4,11034
650,1488.9999999999998,4,11038
623,1486.0,5,11043
189,1485.6499999999999,8,11051
2655,1485.1499999999999,5,11056
2490,1484.85,6,11062
565,1483.75,4,11066
1232,1477.4,3,11069
1865,1471.8999999999999,3,11072
769,1471.5,2,11074
1607,1467.6499999999999,3,11077
1451,1467.55,3,11080
1209,1467.55,1,11081
1287,1466.2,10,11091
1461,1463.65,8,11099
1693,1463.4,5,11104
1796,1460.8999999999999,6,11110
2409,1459.72,4,11114
287,1456.33,10,11124
1613,1456.3,6,11130
1111,1455.6000000000001,10,11140
742,1455.0500000000002,3,11143
2348,1444.2,6,11149
1504,1441.4999999999998,2,11151
1516,1438.2000000000003,8,11159
1627,1438.15,4,11163
1837,1437.6,5,11168
1990,1432.8,6,11174
1365,1432.3999999999999,7,11181
2338,1427.25,3,11184
338,1427.25,9,11193
2609,1427.25,1,11194
2241,1427.2,8,11202
464,1419.55,9,11211
160,1419.05,6,11217
1373,1418.95,6,11223
2346,1418.8500000000001,5,11228
2596,1417.8,2,11230
1944,1417.7999999999997,3,11233
768,1417.75,3,11236
2572,1417.05,3,11239
274,1416.8500000000001,5,11244
1181,1415.8000000000002,10,11254
78,1413.65,3,11257
665,1407.65,5,11262
120,1406.7,6,11268
1592,1404.6,9,11277
1952,1399.95,1,11278
2287,1398.55,5,11283
48,1397.3500000000001,8,11291
750,1391.05,3,11294
143,1387.1,7,11301
874,1386.1499999999999,9,11310
2285,1385.6499999999999,3,11313
1503,1384.0,5,11318
168,1378.5,4,11322
395,1377.7,2,11324
1019,1377.0,1,11325
106,1377.0,3,11328
1431,1375.35,5,11333
2286,1374.86,5,11338
2279,1371.75,10,11348
2063,1370.4499999999998,8,11356
244,1368.35,10,11366
1447,1366.1000000000001,1,11367
215,1359.15,3,11370
2192,1358.3000000000002,3,11373
492,1357.9,4,11377
931,1357.85,5,11382
135,1356.65,9,11391
1482,1355.6999999999998,9,11400
2707,1352.4499999999998,3,11403
75,1350.9,1,11404
639,1349.3999999999999,2,11406
1342,1349.1999999999998,4,11410
1506,1348.65,1,11411
1010,1347.75,2,11413
2266,1347.1,3,11416
1591,1345.0,5,11421
213,1342.5500000000002,9,11430
2704,1341.0,2,11432
895,1339.92,4,11436
855,1339.8000000000002,8,11444
586,1339.6499999999999,9,11453
2150,1338.6,3,11456
1304,1336.6499999999999,1,11457
1926,1335.3,6,11463
421,1334.7500000000002,10,11473
2315,1334.3,7,11480
2288,1334.1,4,11484
1091,1333.3600000000001,4,11488
1452,1327.65,9,11497
2663,1325.7,6,11503
2534,1324.9,8,11511
2100,1323.45,1,11512
2096,1322.7500000000002,10,11522
1384,1317.8000000000002,9,11531
415,1316.7,1,11532
945,1312.6,7,11539
2142,1311.95,4,11543
1414,1310.4,7,11550
2353,1310.4,3,11553
600,1310.2499999999998,2,11555
2211,1307.8999999999999,3,11558
949,1307.3500000000001,6,11564
1459,1300.3000000000002,4,11568
211,1299.9,6,11574
1491,1299.3500000000001,2,11576
2635,1299.3000000000002,7,11583
1743,1299.15,10,11593
437,1297.1899999999998,8,11601
2465,1294.5,3,11604
1789,1288.2,4,11608
720,1287.85,4,11612
1626,1287.45,3,11615
1772,1286.45,4,11619
2190,1285.9,6,11625
2612,1283.4499999999998,7,11632
49,1283.25,4,11636
1203,1282.0499999999997,2,11638
2447,1281.3999999999999,4,11642
1991,1279.35,4,11646
2546,1278.55,5,11651
37,1278.4,2,11653
12,1278.4,7,11660
219,1277.25,4,11664
689,1274.3000000000002,2,11666
306,1273.1999999999998,5,11671
1972,1272.0,1,11672
41,1271.7999999999997,5,11677
2251,1265.75,8,11685
326,1265.54,6,11691
297,1265.0200000000002,7,11698
2227,1261.72,5,11703
2651,1259.35,5,11708
228,1257.0,3,11711
1609,1256.5,2,11713
1254,1256.22,8,11721
1150,1256.1000000000001,1,11722
1286,1253.99,7,11729
1178,1253.05,2,11731
2118,1252.1000000000001,7,11738
368,1251.35,10,11748
1676,1248.6,6,11754
798,1244.69,6,11760
1030,1243.05,4,11764
738,1239.75,5,11769
1716,1239.25,5,11774
1868,1238.8799999999999,8,11782
2726,1238.45,1,11783
2311,1236.8999999999999,2,11785
2730,1229.25,3,11788
1045,1228.35,5,11793
924,1225.8500000000001,5,11798
2547,1225.85,5,11803
2129,1224.45,8,11811
816,1223.3500000000001,3,11814
485,1221.6000000000001,7,11821
1523,1220.1,4,11825
434,1219.6499999999999,4,11829
754,1216.8,3,11832
34,1216.35,9,11841
1839,1209.8,8,11849
2536,1207.35,3,11852
2383,1206.8500000000001,6,11858
1436,1200.25,6,11864
236,1198.5,5,11869
2712,1198.5,2,11871
129,1198.1000000000001,7,11878
1498,1198.0,2,11880
1872,1197.6000000000001,1,11881
1785,1197.0,2,11883
1206,1193.7999999999997,7,11890
785,1193.7,2,11892
1374,1190.5000000000002,8,11900
458,1190.15,6,11906
2174,1188.35,4,11910
1151,1187.0,3,11913
279,1184.6000000000001,5,11918
1979,1176.45,2,11920
981,1174.27,6,11926
1126,1167.75,1,11927
1433,1167.0,6,11933
1419,1166.35,7,11940
2392,1164.5000000000002,7,11947
2689,1164.35,4,11951
1881,1163.8,6,11957
1191,1160.9499999999998,4,11961
770,1160.1000000000001,3,11964
1310,1157.1,4,11968
2022,1155.6999999999998,5,11973
495,1154.85,5,11978
2713,1152.55,1,11979
2718,1151.2,8,11987
722,1148.8,2,11989
980,1148.3999999999999,3,11992
1649,1147.93,4,11996
1715,1147.1399999999999,3,11999
888,1146.75,7,12006
2218,1140.85,6,12012
1873,1138.6999999999998,8,12020
1788,1138.1000000000001,2,12022
1368,1137.1499999999999,3,12025
2692,1133.6999999999998,3,12028
443,1132.5000000000002,3,12031
2454,1128.8500000000001,8,12039
2086,1127.5,4,12043
2451,1126.95,6,12049
1323,1126.1999999999998,4,12053
1916,1120.05,4,12057
1924,1114.4499999999998,7,12064
2116,1108.05,4,12068
1885,1106.65,4,12072
1119,1100.75,2,12074
2681,1100.75,1,12075
224,1099.75,8,12083
781,1098.9,3,12086
880,1098.9,2,12088
2414,1098.25,6,12094
1398,1097.25,3,12097
2434,1091.3999999999999,6,12103
747,1088.6499999999999,4,12107
1864,1087.35,9,12116
896,1082.75,6,12122
682,1078.5,7,12129
2342,1078.4,7,12136
789,1078.2,1,12137
2654,1078.2,4,12141
2366,1078.2,7,12148
1821,1078.2,3,12151
1910,1078.2,1,12152
414,1078.1999999999998,5,12157
1658,1078.1000000000001,4,12161
2203,1077.3,4,12165
2508,1076.95,2,12167
1281,1076.8,4,12171
412,1076.55,6,12177
2214,1076.45,6,12183
2149,1075.4,4,12187
2755,1074.6,3,12190
1402,1072.0,5,12195
900,1070.25,4,12199
488,1067.1000000000001,10,12209
791,1066.6499999999999,7,12216
1145,1066.1499999999999,4,12220
748,1064.1000000000001,10,12230
2369,1063.65,6,12236
509,1061.8999999999999,5,12241
902,1060.0,8,12249
1098,1058.9499999999998,6,12255
1439,1058.33,8,12263
212,1054.4499999999998,9,12272
1512,1054.1000000000001,8,12280
2336,1052.3500000000001,2,12282
563,1048.35,7,12289
1336,1048.25,2,12291
1566,1048.15,3,12294
647,1044.1499999999999,5,12299
2485,1041.1,1,12300
406,1039.3500000000001,5,12305
206,1039.2,5,12310
89,1038.8999999999999,7,12317
1139,1038.7,1,12318
694,1036.1499999999999,7,12325
101,1033.4,8,12333
723,1032.62,7,12340
1769,1028.95,6,12346
1745,1023.15,3,12349
2238,1022.0,10,12359
2516,1019.1500000000001,4,12363
2622,1018.8,8,12371
583,1018.3,1,12372
2030,1017.1,4,12376
2585,1015.1500000000001,1,12377
1199,1012.05,2,12379
67,1012.05,2,12381
1530,1009.8,2,12383
775,1009.8,6,12389
1107,1009.8,3,12392
1044,1008.6499999999999,10,12402
1867,1005.75,5,12407
247,1004.8499999999999,3,12410
955,1002.75,2,12412
1574,1001.3000000000001,3,12415
370,1000.45,3,12418
842,998.5699999999999,6,12424
230,997.5,3,12427
536,997.0999999999999,4,12431
1129,995.85,5,12436
2358,994.55,4,12440
476,992.4499999999999,5,12445
1556,988.65,6,12451
788,987.55,3,12454
843,987.45,5,12459
1333,987.25,1,12460
818,986.55,9,12469
1923,986.1,1,12470
1675,983.5999999999999,4,12474
2126,981.4,5,12479
61,978.95,7,12486
2497,977.5,4,12490
251,975.0999999999999,3,12493
2450,973.95,2,12495
1066,971.9,8,12503
2474,969.5000000000001,10,12513
1781,963.9,1,12514
749,962.1999999999999,6,12520
1358,958.8000000000001,2,12522
197,953.5500000000002,6,12528
725,948.1499999999999,4,12532
528,945.9499999999999,4,12536
1288,945.6999999999999,6,12542
1190,945.6,6,12548
1961,945.5,5,12553
1890,945.3499999999999,4,12557
382,945.2499999999999,5,12562
1052,943.5999999999999,5,12567
1528,941.5999999999999,3,12570
2371,940.9499999999999,2,12572
659,939.5,6,12578
1321,938.1,9,12587
375,937.65,2,12589
1734,936.25,5,12594
281,935.0,6,12600
2750,934.5500000000001,2,12602
2170,934.4499999999999,10,12612
1644,934.1999999999999,7,12619
2402,933.4,4,12623
540,929.5,5,12628
2664,929.1999999999999,4,12632
2262,928.55,5,12637
1084,928.4499999999999,2,12639
2427,926.7299999999999,7,12646
353,926.1,2,12648
1906,924.3,2,12650
2617,922.2,1,12651
2729,921.1999999999999,6,12657
2581,921.15,7,12664
2720,919.15,2,12666
543,918.0,2,12668
203,916.05,8,12676
98,903.0,8,12684
882,898.5,1,12685
1565,898.5,1,12686
499,898.3499999999999,2,12688
1795,892.45,4,12692
334,892.0500000000001,3,12695
2528,889.05,5,12700
856,888.5999999999999,7,12707
2401,888.1,7,12714
79,887.55,2,12716
11,886.9,8,12724
1106,886.2,2,12726
2744,881.7,5,12731
1117,881.3499999999999,6,12737
1056,879.55,5,12742
541,878.9,10,12752
1535,877.8,1,12753
2090,875.85,3,12756
1315,868.55,1,12757
1382,868.0,4,12761
351,861.75,9,12770
552,861.3,1,12771
2476,858.3000000000001,6,12777
869,856.15,5,12782
602,854.1000000000001,3,12785
1004,849.35,6,12791
2049,849.1500000000001,1,12792
1502,849.1500000000001,1,12793
475,847.95,4,12797
1569,838.95,1,12798
859,838.95,2,12800
307,830.95,5,12805
1176,830.4,2,12807
2141,828.6,6,12813
172,827.1000000000001,6,12819
94,822.7,8,12827
377,817.9499999999999,1,12828
1040,816.4499999999999,5,12833
1937,816.35,5,12838
1690,813.4499999999999,3,12841
864,812.3,4,12845
2132,804.4499999999999,2,12847
1213,802.95,3,12850
898,802.05,4,12854
152,799.6,1,12855
1077,799.5,3,12858
2675,799.0500000000001,7,12865
2714,797.9,4,12869
1114,795.45,2,12871
1602,794.75,5,12876
2475,791.0,5,12881
833,788.65,5,12886
1898,786.4499999999999,7,12893
283,785.9,7,12900
1039,782.85,5,12905
205,780.89,8,12913
2042,779.35,7,12920
573,778.6999999999999,4,12924
2259,778.5,4,12928
873,778.5,1,12929
1349,778.05,4,12933
109,778.05,5,12938
646,778.0000000000001,8,12946
217,777.5500000000001,5,12951
2226,777.55,6,12957
233,776.5500000000001,3,12960
615,774.9000000000001,5,12965
2198,772.5,10,12975
1663,771.85,3,12978
1311,771.85,2,12980
1984,770.1499999999999,5,12985
2424,769.0500000000001,2,12987
1655,768.9399999999999,4,12991
1267,768.5500000000001,5,12996
1555,768.55,4,13000
462,759.15,6,13006
166,758.9,6,13012
1426,758.1,2,13014
1088,757.85,5,13019
1299,756.3,7,13026
2293,755.75,5,13031
857,748.75,1,13032
894,748.3999999999999,5,13037
2599,746.9000000000001,3,13040
608,739.63,2,13042
147,738.75,4,13046
706,737.5500000000001,3,13049
2751,736.63,6,13055
376,735.5,4,13059
1160,731.04,2,13061
821,729.25,4,13065
2002,726.6,1,13066
429,726.6,1,13067
910,720.5799999999999,3,13070
734,720.35,7,13077
136,719.1,3,13080
1978,719.1,4,13084
1987,718.8,2,13086
1996,718.3499999999999,3,13089
222,718.1999999999999,1,13090
1219,712.1,7,13097
2591,708.8000000000001,8,13105
1934,702.95,5,13110
780,701.1999999999999,5,13115
1977,700.65,1,13116
225,700.65,1,13117
1197,699.3000000000001,2,13119
1548,697.8000000000001,6,13125
2024,697.0999999999999,3,13128
1464,695.0,4,13132
381,688.85,3,13135
2407,688.5,2,13137
2151,687.9499999999999,2,13139
493,682.7,6,13145
2517,682.2,7,13152
2766,679.5,7,13159
1540,679.1500000000001,3,13162
2157,679.1500000000001,2,13164
1216,679.1500000000001,5,13169
1960,677.1999999999999,9,13178
2696,676.3,6,13184
1825,668.6999999999999,3,13187
997,666.65,3,13190
1777,666.65,4,13194
551,662.6499999999999,7,13201
214,662.3,8,13209
1895,661.5,2,13211
524,658.9,3,13214
2139,658.8,2,13216
986,657.5500000000001,8,13224
973,653.9499999999999,3,13227
257,653.9499999999999,1,13228
603,648.75,1,13229
2040,648.75,2,13231
55,645.7,2,13233
1638,643.95,7,13240
2473,643.8499999999999,5,13245
1392,642.6500000000001,6,13251
1510,642.6,1,13252
1015,640.65,4,13256
2232,636.8,5,13261
2075,632.55,4,13265
1092,629.4,7,13272
2204,628.9499999999999,2,13274
564,628.0500000000001,4,13278
2466,623.1,7,13285
678,622.9,4,13289
1472,620.6999999999999,4,13293
1667,611.1,2,13295
2081,609.3,4,13299
2553,607.8,4,13303
1841,606.1,1,13304
88,605.2,9,13313
1185,604.05,3,13316
921,601.65,5,13321
1843,600.75,3,13324
7,599.4000000000001,1,13325
2648,599.25,2,13327
2020,599.25,1,13328
1590,599.0,2,13330
957,599.0,3,13333
866,598.5,4,13337
300,596.85,1,13338
2685,596.0,1,13339
807,594.5,3,13342
202,590.95,3,13345
435,589.6,4,13349
1921,585.9000000000001,3,13352
1711,580.35,7,13359
2202,577.8499999999999,6,13365
2182,574.4,1,13366
2486,574.4,1,13367
1196,573.75,1,13368
461,570.9,4,13372
1517,570.55,4,13376
1102,569.8,4,13380
1147,569.05,1,13381
1339,567.6999999999999,4,13385
545,565.25,4,13389
2715,564.7,7,13396
2588,564.5,4,13400
1767,559.3000000000001,2,13402
1120,557.1999999999999,2,13404
2554,553.89,3,13407
1786,545.58,1,13408
10,544.0500000000001,9,13417
776,541.5,7,13424
1597,541.45,2,13426
2368,540.3,5,13431
662,538.9200000000001,3,13434
521,528.45,3,13437
998,526.35,1,13438
2480,525.75,3,13441
1642,519.74,1,13442
1928,519.5,6,13448
92,519.35,4,13452
378,519.3000000000001,5,13457
2740,518.6999999999999,1,13458
829,518.6999999999999,2,13460
674,514.3,5,13465
209,513.05,7,13472
1567,511.20000000000005,4,13476
936,509.15,2,13478
2044,507.53999999999996,4,13482
1174,504.9,7,13489
480,504.55,5,13494
1326,503.79,7,13501
1570,503.7,1,13502
717,500.40000000000003,3,13505
1249,499.5,1,13506
2520,498.9,5,13511
1622,497.70000000000005,9,13520
1416,497.03,8,13528
531,496.25,3,13531
284,495.19,8,13539
1483,494.45,2,13541
852,492.09999999999997,1,13542
2021,489.6,3,13545
2274,487.6499999999999,5,13550
1023,487.54999999999995,1,13551
2552,484.65,4,13555
1637,483.75,8,13563
1725,482.45,9,13572
345,479.49999999999994,9,13581
1689,479.40000000000003,1,13582
2677,479.40000000000003,1,13583
547,479.2,8,13591
2168,479.15,4,13595
946,478.5,1,13596
1532,477.84999999999997,2,13598
591,476.59999999999997,4,13602
20,476.54999999999995,5,13607
5,474.79999999999995,5,13612
2372,469.05,2,13614
2469,467.09999999999997,1,13615
863,467.09999999999997,1,13616
515,466.7,5,13621
87,466.0,7,13628
2573,465.3,6,13634
1435,461.84999999999997,8,13642
1324,458.84999999999997,2,13644
2513,458.15000000000003,2,13646
698,457.04999999999995,3,13649
2267,453.25,2,13651
2023,450.90000000000003,5,13656
758,449.44999999999993,8,13664
974,448.75,1,13665
1920,444.0,6,13671
729,439.45000000000005,2,13673
2313,438.9,3,13676
2345,438.9,4,13680
1862,438.85,4,13684
425,433.65000000000003,3,13687
1899,431.40000000000003,4,13691
122,430.65,4,13695
1265,430.65,4,13699
1999,421.04999999999995,4,13703
2197,420.34999999999997,3,13706
2775,418.5,2,13708
396,414.7,2,13710
1328,410.99999999999994,9,13719
1049,410.55,1,13720
1131,409.9,4,13724
1956,408.34999999999997,3,13727
1819,402.74999999999994,3,13730
2012,399.8,3,13733
574,399.75,4,13737
2041,399.5,5,13742
1018,399.0,5,13747
1758,399.0,2,13749
204,396.80000000000007,7,13756
2463,396.6,7,13763
1075,393.04999999999995,5,13768
1372,389.34999999999997,1,13769
159,388.19999999999993,7,13776
1628,386.9,4,13780
2221,383.1,6,13786
1163,382.79999999999995,2,13788
1298,382.79999999999995,2,13790
2709,380.84999999999997,2,13792
2686,379.29999999999995,7,13799
1933,375.29999999999995,4,13803
1955,369.3,4,13807
1201,368.15,4,13811
2395,366.84999999999997,3,13814
1705,363.04999999999995,6,13820
2719,362.99999999999994,6,13826
1643,361.35,2,13828
1673,359.70000000000005,9,13837
2399,359.64,2,13839
2418,359.45000000000005,3,13842
14,359.4,4,13846
1563,359.09999999999997,2,13848
1851,359.09999999999997,2,13850
835,359.0,4,13854
1067,359.0,1,13855
1647,359.0,2,13857
1026,350.9,3,13860
1257,349.65000000000003,3,13863
2642,349.65,2,13865
1081,348.25,2,13867
258,348.25,1,13868
1345,347.49999999999994,3,13871
188,347.09999999999997,10,13881
876,341.05,8,13889
1259,341.05,2,13891
1831,339.15,2,13893
2477,329.45,3,13896
1827,329.45,7,13903
1757,323.2,7,13910
979,322.85,3,13913
330,321.3,2,13915
1692,321.3,1,13916
2016,319.92,7,13923
2027,319.6,2,13925
322,319.24999999999994,7,13932
1364,319.2,3,13935
1849,319.0,3,13938
1941,318.78,7,13945
2309,318.25,5,13950
107,317.55,7,13957
2351,317.29999999999995,5,13962
385,317.1,4,13966
917,316.65,4,13970
2725,315.35,4,13974
128,311.4,4,13978
1681,311.4,6,13984
537,311.4,3,13987
2542,310.05,2,13989
1832,307.45,3,13992
922,303.05,4,13996
2018,303.05,2,13998
1891,299.75,2,14000
71,299.5,3,14003
402,299.5,7,14010
837,299.25,3,14013
1371,298.34999999999997,5,14018
611,295.34999999999997,4,14022
2329,292.05,6,14028
2308,291.5,3,14031
1733,287.55,3,14034
2657,287.2,1,14035
2201,286.4,6,14041
1475,285.45,3,14044
2428,285.45,1,14045
912,284.9,3,14048
1034,284.40000000000003,2,14050
645,283.45,5,14055
337,283.4,5,14060
1824,279.65000000000003,1,14061
275,279.65000000000003,2,14063
1814,279.45,7,14070
201,279.15,3,14073
373,278.59999999999997,1,14074
1993,278.25,4,14078
914,271.6,2,14080
2146,271.15,3,14083
648,270.3,6,14089
1533,269.90999999999997,3,14092
1130,269.55,3,14095
700,269.55,3,14098
2052,264.65000000000003,2,14100
1776,262.35,2,14102
967,261.29999999999995,5,14107
539,260.54999999999995,5,14112
1500,258.7,2,14114
2422,255.70000000000002,5,14119
596,255.2,7,14126
187,255.2,2,14128
95,252.84999999999997,2,14130
157,250.9,7,14137
2459,250.89999999999998,9,14146
1008,249.55,3,14149
2125,246.04999999999998,1,14150
836,244.7,5,14155
2448,239.8,3,14158
1101,239.70000000000002,2,14160
3,239.70000000000002,6,14166
2361,239.70000000000002,1,14167
2333,239.6,3,14170
1225,239.6,2,14172
517,237.54999999999998,5,14177
2230,237.45,4,14181
241,234.84999999999997,5,14186
2291,234.25,3,14189
1241,233.35,5,14194
472,229.6,3,14197
1687,229.55,2,14199
2669,228.85,1,14200
1694,227.45,4,14204
2670,219.75,2,14206
2111,219.7,4,14210
942,219.39999999999998,5,14215
1112,218.89999999999998,1,14216
2247,218.89999999999998,4,14220
523,218.89999999999998,4,14224
2757,218.54999999999998,7,14231
93,211.6,9,14240
420,209.65,7,14247
331,209.65,1,14248
262,209.65,5,14253
571,209.65,2,14255
102,207.6,1,14256
1684,207.35,1,14257
1329,207.2,2,14259
1670,206.54999999999998,3,14262
1564,201.6,3,14265
740,199.8,3,14268
70,199.75,1,14269
1396,199.5,4,14273
1907,199.49999999999997,3,14276
2435,198.75,1,14277
1680,198.75,2,14279
1620,198.5,6,14285
1536,197.45,1,14286
2140,195.8,5,14291
2580,194.25,1,14292
2416,192.9,5,14297
218,190.8,4,14301
2283,190.8,2,14303
1020,190.8,2,14305
1611,183.4,3,14308
1229,181.65,3,14311
1307,181.65,2,14313
171,179.85000000000002,4,14317
1859,179.7,1,14318
1465,179.7,1,14319
988,179.7,4,14323
2589,179.54999999999998,3,14326
1068,179.54999999999998,2,14328
170,179.5,1,14329
2732,169.14999999999998,3,14332
2688,169.14999999999998,3,14335
686,168.35,3,14338
989,163.75,5,14343
2460,163.55,2,14345
1549,161.54999999999998,6,14351
1542,161.54999999999998,2,14353
767,160.65,5,14358
15,159.9,3,14361
1047,159.8,1,14362
2219,159.6,5,14367
944,159.5,6,14373
116,159.2,7,14380
500,159.0,2,14382
2602,159.0,1,14383
644,155.7,2,14385
2323,151.05,4,14389
2108,149.85000000000002,4,14393
1657,149.75,6,14399
1025,149.75,1,14400
463,149.64999999999998,3,14403
1811,143.6,10,14413
2332,142.8,1,14414
2479,141.54999999999998,3,14417
1363,139.8,2,14419
45,139.0,3,14422
721,131.70000000000002,6,14428
2633,129.75,4,14432
195,129.75,2,14434
416,129.75,3,14437
2074,125.64999999999999,3,14440
1165,122.45,1,14441
1798,119.9,2,14443
506,119.85000000000001,1,14444
1334,119.8,4,14448
57,119.8,3,14451
140,119.69999999999999,1,14452
1621,119.69999999999999,3,14455
1284,119.0,2,14457
558,114.75,2,14459
2326,114.75,4,14463
1204,111.64999999999999,6,14469
699,111.64999999999999,3,14472
1480,107.69999999999999,1,14473
1394,103.8,1,14474
2747,103.8,3,14477
2277,103.8,2,14479
1354,103.8,6,14485
2119,103.6,4,14489
2047,103.6,4,14493
1154,103.35000000000001,2,14495
1424,101.75,3,14498
360,99.9,3,14501
1970,99.9,4,14505
2363,99.9,3,14508
2524,99.9,3,14511
925,99.75,2,14513
2244,99.75,4,14517
1630,95.69999999999999,2,14519
232,95.69999999999999,5,14524
832,95.69999999999999,3,14527
1616,93.75,5,14532
2721,91.8,4,14536
448,89.85,3,14539
744,89.25,1,14540
58,85.8,5,14545
2653,83.65,2,14547
1615,79.9,9,14556
688,79.8,2,14558
398,79.8,2,14560
820,79.8,1,14561
870,79.8,2,14563
2645,79.75,7,14570
960,79.75,2,14572
343,79.75,3,14575
40,79.0,1,14576
1332,77.85,4,14580
516,71.8,2,14582
817,71.8,1,14583
899,71.8,3,14586
2468,69.85,4,14590
1748,69.64999999999999,3,14593
1618,59.95,1,14594
783,59.94,1,14595
1301,59.9,1,14596
808,59.849999999999994,4,14600
2494,59.849999999999994,3,14603
1042,59.849999999999994,4,14607
2258,55.849999999999994,2,14609
1366,55.79,2,14611
1245,51.9,3,14614
964,51.9,1,14615
1278,51.9,1,14616
2055,51.8,2,14618
1976,51.8,3,14621
2328,49.95,7,14628
732,49.95,4,14632
930,49.95,3,14635
2225,49.9,7,14642
2270,47.7,3,14645
2156,45.9,2,14647
1220,45.9,3,14650
1037,45.9,7,14657
1930,41.85,3,14660
972,39.95,4,14664
803,39.95,6,14670
1581,39.9,6,14676
599,39.9,3,14679
383,39.9,1,14680
1253,39.8,2,14682
2587,39.8,6,14688
1486,39.6,1,14689
534,35.95,1,14690
2408,31.9,1,14691
2767,31.9,1,14692
72,31.9,1,14693
672,29.99,5,14698
1003,29.99,1,14699
479,29.95,2,14701
2043,29.95,1,14702
2413,29.95,1,14703
1466,29.95,3,14706
2711,29.95,3,14709
141,29.95,2,14711
1751,29.849999999999998,6,14717
1123,25.95,4,14721
1696,25.95,2,14723
2437,23.85,3,14726
906,19.99,4,14730
1816,19.95,1,14731
2007,19.95,1,14732
1662,19.95,1,14733
2576,19.95,3,14736
1974,19.95,2,14738
1741,19.95,3,14741
1272,19.95,1,14742
113,19.95,7,14749
363,19.95,3,14752
940,19.95,5,14757
1312,15.95,5,14762
636,15.9,1,14763
291,12.95,2,14765
1226,12.95,2,14767
1727,12.95,3,14770
295,12.95,3,14773
1889,12.95,5,14778
2455,9.95,8,14786
1770,7.95,4,14790
2381,7.95,2,14792
2242,7.95,5,14797
1587,5.95,2,14799
298,3.95,2,14801
468,3.95,5,14806
2337,0.0,2,14808
2213,0.0,3,14811
2568,0.0,1,14812
2761,0.0,1,14813
1290,0.0,1,14814
2502,0.0,1,14815
2280,0.0,1,14816
561,0.0,2,14818
1842,0.0,2,14820
1162,0.0,1,14821
483,0.0,6,14827
578,0.0,1,14828
607,0.0,2,14830
1343,0.0,1,14831
2121,0.0,1,14832
1752,0.0,2,14834
1415,0.0,1,14835
2105,0.0,2,14837
124,0.0,2,14839
391,0.0,3,14842
126,0.0,3,14845
1497,0.0,3,14848
2496,0.0,2,14850
592,0.0,1,14851
2406,0.0,1,14852
908,0.0,1,14853
2436,0.0,1,14854
2172,0.0,3,14857
567,0.0,2,14859
317,0.0,3,14862
538,0.0,2,14864
