block_id,gain_per_block,n_products,product_cumsum
812,54356.1,8,8
1580,47004.75000000001,8,16
1143,42662.98,10,26
388,34568.200000000004,8,34
442,34298.65,10,44
2735,32967.25,10,54
487,30356.219999999998,8,62
2574,29723.65,10,72
530,29493.15,10,82
1747,28955.05,10,92
498,28442.15,10,102
418,28408.099999999995,9,111
256,28141.85,6,117
387,27962.2,8,125
1850,27422.550000000003,1,126
2233,26581.95,8,134
879,26222.95,7,141
1412,25995.45,5,146
1121,25886.199999999997,10,156
1283,25832.4,9,165
1476,24942.35,10,175
2666,24611.9,10,185
21,24589.66,10,195
1474,24474.0,7,202
1446,24345.350000000002,10,212
2671,23563.25,8,220
315,23318.250000000004,8,228
439,23200.65,1,229
2223,23166.550000000003,10,239
1964,23060.969999999998,9,248
1554,22972.800000000003,10,258
726,22960.399999999998,10,268
301,21981.649999999998,8,276
1124,21877.750000000004,9,285
1551,21825.409999999996,5,290
560,21784.95,8,298
1879,21708.999999999996,9,307
216,21656.950000000004,7,314
2306,21642.3,3,317
1115,21617.35,3,320
314,21546.989999999998,10,330
2109,21460.7,8,338
2220,21223.949999999997,5,343
1679,21156.4,4,347
1274,20924.7,9,356
2446,20798.800000000003,6,362
2037,20797.55,4,366
1104,20785.95,3,369
1477,20778.999999999996,10,379
990,20633.45,9,388
1353,20517.700000000004,6,394
1632,20319.300000000003,8,402
1572,20158.95,6,408
1027,20149.17,8,416
918,19903.050000000003,9,425
904,19877.1,9,434
1441,19832.3,8,442
1058,19822.3,2,444
846,19714.149999999998,8,452
1212,19555.900000000005,9,461
2048,19410.100000000002,9,470
1495,19359.6,10,480
2742,19311.600000000002,9,489
2000,19223.399999999998,5,494
181,19068.65,8,502
1033,19066.55,9,511
2488,18952.399999999998,9,520
1331,18938.899999999998,10,530
546,18857.75,9,539
1438,18833.0,9,548
1589,18796.1,7,555
2417,18735.35,8,563
505,18726.649999999998,10,573
428,18656.26,9,582
773,18654.200000000004,10,592
666,18631.55,8,600
2734,18391.05,9,609
1318,18333.100000000002,10,619
2145,18261.84,10,629
2410,18176.399999999998,6,635
1097,18151.75,9,644
941,18130.39,10,654
2303,18022.5,10,664
2143,17803.150000000005,10,674
2770,17789.15,4,678
2087,17763.2,10,688
2123,17757.55,8,696
294,17724.550000000003,7,703
2566,17680.3,6,709
1260,17670.65,5,714
341,17546.170000000002,8,722
2163,17544.85,9,731
184,17506.699999999997,10,741
2433,17102.02,9,750
80,16979.7,8,758
840,16970.4,10,768
1522,16968.45,9,777
2578,16860.05,5,782
2749,16859.3,6,788
511,16853.1,7,795
1521,16799.7,8,803
851,16795.350000000002,10,813
2010,16700.850000000002,6,819
2264,16652.7,8,827
1073,16620.899999999994,10,837
651,16614.15,9,846
2254,16602.25,4,850
1393,16576.48,10,860
1826,16459.949999999997,10,870
1403,16422.100000000002,10,880
290,16370.700000000003,10,890
2543,16196.35,9,899
1211,16165.800000000001,9,908
2159,16114.249999999998,5,913
1756,16060.26,6,919
237,15997.750000000002,9,928
2058,15954.050000000001,8,936
183,15918.800000000001,3,939
2243,15899.300000000001,9,948
1869,15894.85,9,957
108,15893.300000000001,7,964
1677,15748.599999999999,9,973
1625,15735.9,9,982
333,15709.949999999999,6,988
2026,15680.7,7,995
6,15652.039999999999,8,1003
1294,15513.949999999999,8,1011
2195,15428.4,9,1020
1875,15409.150000000001,3,1023
1911,15322.600000000002,4,1027
1141,15186.649999999998,9,1036
2128,15129.600000000002,6,1042
2548,15076.199999999999,5,1047
2005,14988.35,6,1053
320,14981.400000000001,10,1063
63,14944.449999999999,7,1070
513,14920.05,7,1077
1651,14806.7,7,1084
1857,14650.35,9,1093
267,14605.86,8,1101
2644,14588.5,10,1111
2207,14564.15,10,1121
25,14562.53,8,1129
26,14550.3,4,1133
44,14540.27,5,1138
1809,14426.65,9,1147
1606,14358.919999999998,10,1157
1671,14344.300000000003,7,1164
2252,14190.15,9,1173
207,14180.85,10,1183
562,14110.85,6,1189
2290,14108.55,10,1199
897,13960.950000000003,3,1202
2106,13929.850000000002,8,1210
2173,13885.150000000001,6,1216
549,13850.400000000001,10,1226
1560,13848.400000000001,10,1236
1718,13823.1,4,1240
1409,13745.100000000002,7,1247
1939,13725.380000000001,10,1257
535,13720.650000000001,8,1265
2423,13706.349999999999,10,1275
173,13659.2,10,1285
361,13642.35,8,1293
2103,13562.2,9,1302
1070,13522.4,9,1311
2456,13458.1,5,1316
2706,13428.55,10,1326
677,13388.749999999998,7,1333
478,13327.300000000001,10,1343
2208,13299.5,5,1348
1221,13285.8,9,1357
1683,13274.650000000001,10,1367
2390,13263.85,7,1374
504,13247.9,8,1382
1913,13236.85,8,1390
995,13235.8,4,1394
2240,13216.650000000001,8,1402
30,13209.899999999998,5,1407
358,13172.94,7,1414
1695,13171.5,4,1418
2133,13166.399999999998,8,1426
1399,13151.400000000001,5,1431
1385,13144.0,3,1434
1005,13129.140000000001,4,1438
399,13119.05,4,1442
303,13115.599999999999,7,1449
2625,13086.300000000001,5,1454
1048,13081.1,7,1461
993,13042.849999999999,5,1466
2356,13026.35,10,1476
2571,12931.000000000002,10,1486
1348,12855.750000000002,6,1492
522,12843.05,8,1500
1043,12817.250000000002,8,1508
1765,12745.37,9,1517
27,12741.349999999999,8,1525
2515,12737.55,5,1530
1240,12725.5,8,1538
2056,12717.550000000001,3,1541
1678,12627.050000000001,8,1549
248,12621.699999999999,10,1559
714,12612.5,7,1566
1100,12600.650000000001,6,1572
753,12580.599999999999,3,1575
1954,12560.0,8,1583
1252,12530.1,6,1589
1588,12520.949999999999,6,1595
1369,12512.5,7,1602
2503,12501.85,4,1606
1133,12490.0,6,1612
1418,12486.099999999999,6,1618
2600,12469.35,7,1625
2760,12432.11,9,1634
2344,12419.199999999997,10,1644
2611,12398.05,10,1654
2442,12372.400000000001,4,1658
359,12315.599999999999,10,1668
1489,12313.800000000001,7,1675
962,12304.050000000001,10,1685
533,12276.500000000002,6,1691
2439,12271.9,8,1699
1463,12255.8,10,1709
404,12224.7,6,1715
2068,12196.1,3,1718
137,12135.150000000001,8,1726
786,12129.450000000003,9,1735
242,12116.449999999999,8,1743
847,12113.45,7,1750
2506,12087.500000000002,10,1760
569,12081.67,10,1770
1835,12016.26,8,1778
2094,11960.5,9,1787
1361,11921.6,8,1795
2035,11921.25,9,1804
2632,11918.900000000001,9,1813
507,11911.75,5,1818
2510,11893.75,9,1827
938,11890.449999999999,7,1834
1303,11871.099999999999,9,1843
0,11858.25,7,1850
2478,11832.050000000001,10,1860
1938,11807.550000000001,4,1864
839,11794.599999999997,7,1871
1771,11784.7,8,1879
1829,11782.45,9,1888
1268,11754.449999999999,9,1897
2276,11699.750000000002,8,1905
1237,11696.25,4,1909
716,11690.8,8,1917
2700,11657.480000000001,6,1923
2330,11655.5,3,1926
123,11643.25,9,1935
2189,11611.699999999999,5,1940
2764,11577.8,4,1944
2525,11577.249999999998,9,1953
581,11557.75,9,1962
2377,11554.449999999999,7,1969
1511,11551.45,5,1974
1255,11534.149999999998,8,1982
799,11510.400000000001,2,1984
2013,11502.6,7,1991
4,11483.89,10,2001
2555,11477.799999999997,8,2009
2364,11453.35,7,2016
1105,11453.300000000001,5,2021
1706,11449.700000000003,10,2031
1473,11434.199999999999,6,2037
1645,11426.600000000002,5,2042
1188,11416.599999999999,10,2052
861,11374.149999999998,4,2056
1860,11299.45,7,2063
2733,11295.4,8,2071
2098,11294.55,10,2081
867,11271.899999999998,7,2088
105,11266.8,7,2095
779,11260.910000000002,7,2102
2527,11257.38,9,2111
169,11255.9,9,2120
1524,11239.5,8,2128
1273,11205.45,8,2136
2347,11203.550000000003,9,2145
1292,11149.800000000001,8,2153
374,11117.55,5,2158
1022,11110.85,7,2165
1493,11106.499999999998,10,2175
913,11095.800000000001,4,2179
1179,11090.699999999999,4,2183
1407,11079.75,8,2191
2443,11075.45,6,2197
2292,11051.970000000001,6,2203
2004,10976.149999999998,10,2213
1236,10957.25,9,2222
553,10954.300000000003,8,2230
2649,10934.75,6,2236
32,10931.749999999998,7,2243
1729,10927.45,7,2250
1940,10913.5,9,2259
362,10904.4,8,2267
1973,10894.979999999998,9,2276
2341,10877.65,10,2286
1134,10876.5,3,2289
1103,10869.1,8,2297
1352,10858.050000000001,8,2305
1794,10856.08,10,2315
1069,10845.75,4,2319
1750,10842.249999999998,8,2327
1083,10837.449999999999,9,2336
1593,10835.6,5,2341
649,10820.449999999999,10,2351
1631,10813.85,7,2358
2504,10790.599999999999,4,2362
976,10752.9,10,2372
2289,10748.5,10,2382
2001,10747.25,4,2386
1344,10745.849999999999,9,2395
430,10715.100000000002,10,2405
2583,10710.35,10,2415
1425,10694.55,7,2422
2604,10669.25,6,2428
1710,10666.44,10,2438
1183,10657.1,9,2447
2432,10614.55,9,2456
1080,10614.199999999999,4,2460
1562,10609.75,7,2467
2582,10594.199999999999,8,2475
2312,10579.499999999998,8,2483
1950,10578.25,10,2493
2039,10570.900000000001,9,2502
2300,10569.1,10,2512
384,10567.0,7,2519
424,10543.25,5,2524
1308,10535.3,4,2528
2188,10509.3,9,2537
1422,10491.150000000001,8,2545
1836,10433.100000000002,5,2550
436,10423.4,6,2556
1041,10417.95,8,2564
932,10411.650000000001,9,2573
1813,10283.449999999999,8,2581
741,10276.199999999999,2,2583
9,10270.300000000001,6,2589
2745,10260.900000000001,9,2598
1501,10230.300000000001,5,2603
1822,10225.699999999999,8,2611
576,10214.4,2,2613
74,10212.7,7,2620
1247,10206.859999999999,9,2629
1709,10199.8,9,2638
2110,10198.4,4,2642
2621,10192.35,9,2651
1546,10185.8,6,2657
1469,10182.6,9,2666
369,10168.88,10,2676
795,10144.0,5,2681
544,10138.1,3,2684
919,10135.61,10,2694
24,10135.55,8,2702
963,10130.45,8,2710
1000,10125.6,5,2715
2082,10124.550000000001,9,2724
444,10106.900000000001,10,2734
2748,10097.349999999999,7,2741
489,10093.5,5,2746
2519,10092.199999999999,5,2751
1,10056.4,7,2758
806,10044.25,6,2764
1738,10026.75,7,2771
110,10025.949999999999,10,2781
165,10017.45,2,2783
2680,10013.9,8,2791
805,9991.65,4,2795
453,9928.649999999998,9,2804
409,9924.210000000001,9,2813
194,9917.7,10,2823
2194,9912.15,6,2829
2176,9904.9,10,2839
490,9899.650000000001,7,2846
1280,9881.800000000001,10,2856
1458,9871.9,6,2862
612,9861.4,8,2870
1487,9858.33,9,2879
1051,9856.599999999999,10,2889
2526,9836.95,10,2899
658,9826.95,10,2909
1830,9807.199999999999,10,2919
2665,9805.5,10,2929
66,9799.1,8,2937
1547,9796.7,10,2947
2608,9790.850000000002,8,2955
1251,9790.55,5,2960
23,9742.45,9,2969
2359,9733.75,1,2970
2206,9731.25,4,2974
1198,9720.3,9,2983
1965,9706.050000000001,9,2992
379,9684.849999999999,7,2999
60,9670.649999999998,9,3008
1189,9649.8,4,3012
756,9614.15,8,3020
482,9613.799999999997,6,3026
393,9601.5,2,3028
2613,9589.1,10,3038
606,9588.499999999998,8,3046
1218,9578.55,10,3056
1880,9534.17,7,3063
292,9533.300000000001,7,3070
1367,9504.400000000001,10,3080
790,9491.3,6,3086
1636,9447.4,7,3093
1700,9429.85,3,3096
2595,9422.550000000001,9,3105
950,9382.6,4,3109
115,9376.900000000001,8,3117
2180,9367.949999999999,4,3121
82,9356.65,10,3131
2593,9356.350000000002,7,3138
1917,9352.349999999999,9,3147
1810,9344.249999999998,9,3156
2160,9341.6,6,3162
728,9316.25,5,3167
477,9316.25,9,3176
2009,9301.800000000001,10,3186
1054,9274.47,10,3196
1717,9265.699999999999,10,3206
2316,9238.199999999999,10,3216
91,9233.35,10,3226
240,9228.4,7,3233
983,9218.849999999999,10,3243
616,9207.25,6,3249
1453,9192.15,8,3257
457,9184.3,9,3266
1685,9180.800000000001,8,3274
1427,9175.899999999998,10,3284
933,9168.5,9,3293
422,9139.800000000001,6,3299
17,9136.199999999999,7,3306
1577,9108.82,8,3314
1575,9100.12,10,3324
2120,9096.25,9,3333
831,9091.799999999997,4,3337
1338,9089.649999999998,9,3346
1903,9089.349999999999,8,3354
554,9078.05,10,3364
1187,9077.650000000001,9,3373
2394,9069.949999999999,7,3380
1932,9049.150000000001,9,3389
355,9047.3,10,3399
2523,9038.25,10,3409
1408,9034.1,8,3417
702,9028.699999999999,5,3422
982,9007.300000000001,7,3429
1858,9000.15,7,3436
227,8976.5,9,3445
959,8970.75,8,3453
344,8966.95,8,3461
313,8963.01,8,3469
1989,8934.099999999999,7,3476
1763,8931.749999999998,5,3481
2354,8927.75,7,3488
2493,8926.8,1,3489
1509,8912.45,10,3499
2610,8899.7,10,3509
893,8895.15,2,3511
984,8894.75,10,3521
1109,8882.89,10,3531
2374,8865.9,10,3541
68,8841.550000000001,10,3551
1874,8835.5,9,3560
2196,8826.4,7,3567
1736,8819.1,4,3571
772,8813.25,5,3576
2673,8807.05,3,3579
65,8795.75,5,3584
36,8788.15,9,3593
1207,8780.55,3,3596
1735,8774.650000000001,10,3606
162,8774.4,9,3615
1177,8764.05,8,3623
2370,8763.6,9,3632
2102,8724.000000000002,9,3641
1471,8714.5,8,3649
2639,8712.1,6,3655
1784,8708.4,8,3663
1186,8690.449999999999,10,3673
2746,8678.000000000002,10,3683
2152,8676.65,5,3688
1728,8658.65,10,3698
2701,8648.4,9,3707
2,8645.6,7,3714
1157,8621.0,7,3721
2556,8618.4,4,3725
708,8608.84,10,3735
1118,8583.25,9,3744
1389,8552.15,7,3751
627,8539.6,9,3760
2492,8522.7,9,3769
2579,8517.15,3,3772
2060,8508.55,2,3774
2305,8499.35,5,3779
978,8499.25,10,3789
84,8492.75,8,3797
2367,8492.399999999998,5,3802
1601,8485.650000000001,10,3812
261,8468.400000000001,8,3820
1074,8459.25,8,3828
2699,8390.850000000002,10,3838
447,8382.300000000001,7,3845
2598,8381.5,4,3849
1870,8379.0,2,3851
813,8377.05,10,3861
2387,8372.3,10,3871
1050,8371.9,9,3880
654,8354.650000000001,7,3887
2753,8349.65,9,3896
1935,8344.95,10,3906
1749,8338.4,6,3912
736,8333.950000000003,9,3921
1884,8316.65,8,3929
822,8316.15,9,3938
410,8314.25,9,3947
2717,8313.27,6,3953
943,8307.15,3,3956
302,8293.9,9,3965
1275,8286.0,8,3973
2708,8279.8,9,3982
858,8269.2,6,3988
2263,8240.8,5,3993
42,8236.35,6,3999
1007,8206.65,6,4005
1456,8200.7,4,4009
582,8187.099999999999,4,4013
1356,8175.650000000001,9,4022
2533,8169.3,10,4032
1468,8166.95,9,4041
814,8163.849999999999,8,4049
2615,8159.699999999999,7,4056
366,8154.799999999999,10,4066
1688,8153.200000000001,5,4071
572,8148.96,10,4081
669,8148.44,6,4087
2511,8138.650000000001,9,4096
2246,8136.4,7,4103
671,8132.749999999999,10,4113
2482,8122.139999999999,10,4123
2331,8108.3,7,4130
2171,8102.650000000001,4,4134
2452,8101.950000000001,8,4142
991,8097.099999999999,7,4149
2261,8085.799999999999,9,4158
792,8081.55,10,4168
570,8057.91,8,4176
2059,8052.61,10,4186
231,8049.55,3,4189
151,8043.5,9,4198
2705,8029.250000000001,8,4206
119,8024.1100000000015,9,4215
386,8005.8,6,4221
637,8005.449999999999,9,4230
1258,8003.65,6,4236
1248,8000.599999999999,9,4245
519,7996.650000000001,3,4248
1539,7991.15,10,4258
2032,7987.9,8,4266
2148,7961.3,8,4274
2758,7960.599999999999,2,4276
1959,7958.039999999999,2,4278
1863,7934.049999999999,10,4288
150,7931.049999999999,4,4292
1697,7930.749999999999,9,4301
198,7929.0999999999985,10,4311
520,7913.45,8,4319
595,7911.750000000001,10,4329
2727,7901.99,6,4335
1059,7894.750000000001,8,4343
1214,7892.3,5,4348
39,7886.550000000001,8,4356
952,7885.55,6,4362
1633,7880.15,7,4369
2268,7875.550000000001,10,4379
2575,7875.2,5,4384
2339,7874.240000000001,10,4394
1386,7831.849999999999,10,4404
2420,7829.799999999999,10,4414
1538,7822.96,3,4417
872,7802.650000000001,9,4426
1668,7778.550000000001,5,4431
1744,7777.400000000001,6,4437
801,7777.049999999999,3,4440
2362,7757.049999999999,2,4442
2391,7738.9,4,4446
2065,7733.099999999999,4,4450
2607,7729.349999999999,5,4455
1661,7727.0599999999995,9,4464
1228,7718.2,9,4473
660,7708.0,10,4483
885,7693.800000000001,10,4493
239,7687.199999999999,5,4498
2310,7686.5,5,4503
426,7685.3,4,4507
1629,7678.200000000001,10,4517
2136,7669.95,7,4524
1205,7629.25,8,4532
2183,7607.4,9,4541
927,7606.75,4,4545
755,7605.749999999999,5,4550
276,7600.75,7,4557
2386,7596.129999999999,10,4567
2754,7592.75,8,4575
624,7580.299999999999,9,4584
1573,7579.640000000001,9,4593
1847,7569.8,7,4600
2269,7524.4000000000015,8,4608
192,7523.85,7,4615
766,7518.95,6,4621
1731,7514.099999999999,10,4631
2481,7497.7,5,4636
431,7496.999999999999,7,4643
939,7482.3,8,4651
347,7474.9,9,4660
784,7457.950000000001,6,4666
419,7440.05,9,4675
260,7431.849999999999,9,4684
473,7428.05,4,4688
1981,7416.0,6,4694
2014,7412.750000000001,8,4702
496,7406.669999999999,9,4711
311,7398.4,4,4715
2444,7397.65,2,4717
1975,7376.150000000001,6,4723
1714,7371.7,10,4733
1437,7363.3,8,4741
2618,7358.349999999999,4,4745
1507,7351.75,10,4755
985,7343.849999999999,3,4758
1666,7335.549999999999,10,4768
148,7335.149999999999,8,4776
1492,7331.7,9,4785
2467,7329.800000000001,2,4787
1783,7328.95,9,4796
467,7326.9,8,4804
1442,7324.249999999999,6,4810
1804,7323.549999999999,9,4819
643,7318.199999999999,8,4827
1314,7309.65,7,4834
1652,7285.65,5,4839
1732,7279.6,7,4846
226,7260.5,7,4853
18,7255.85,5,4858
865,7230.34,8,4866
1444,7229.679999999999,10,4876
299,7224.7,10,4886
640,7215.95,9,4895
2130,7214.95,3,4898
802,7211.8,4,4902
2067,7162.200000000001,5,4907
1094,7161.4,5,4912
2722,7149.599999999999,9,4921
470,7147.15,6,4927
1527,7144.5,9,4936
1148,7140.870000000001,4,4940
2498,7136.049999999999,2,4942
145,7133.05,10,4952
617,7125.699999999999,5,4957
632,7116.5,7,4964
1797,7111.9,7,4971
118,7110.7,3,4974
2676,7102.55,7,4981
730,7095.060000000001,9,4990
1063,7093.789999999999,8,4998
2646,7076.35,8,5006
711,7072.15,8,5014
1617,7058.4,3,5017
1656,7056.85,7,5024
841,7054.999999999999,10,5034
638,7038.099999999999,6,5040
670,7030.200000000001,4,5044
631,7027.1,7,5051
1604,7026.049999999999,2,5053
2400,7016.9,8,5061
2376,7016.200000000001,4,5065
96,7006.5,1,5066
2592,6997.25,10,5076
1404,6997.23,8,5084
186,6990.799999999999,4,5088
1180,6980.55,1,5089
83,6978.549999999999,7,5096
1166,6971.85,5,5101
1856,6969.8,8,5109
501,6934.450000000001,10,5119
1192,6930.35,8,5127
2616,6923.49,5,5132
1002,6918.650000000001,7,5139
1309,6900.48,10,5149
568,6893.56,3,5152
2660,6888.1,7,5159
2008,6871.150000000001,5,5164
752,6859.050000000001,7,5171
348,6844.199999999999,7,5178
1155,6834.8,10,5188
1108,6830.25,8,5196
594,6826.86,8,5204
2278,6826.039999999999,7,5211
1428,6821.549999999999,7,5218
1443,6808.15,4,5222
1840,6803.36,9,5231
2470,6791.500000000001,2,5233
433,6784.700000000001,5,5238
2628,6770.9,7,5245
2033,6760.050000000001,7,5252
1582,6752.65,8,5260
2521,6749.849999999999,9,5269
1513,6747.75,10,5279
2335,6745.6,2,5281
2327,6738.4,8,5289
296,6728.23,6,5295
1902,6714.650000000001,9,5304
1062,6713.15,7,5311
2319,6702.2,10,5321
1691,6700.3,10,5331
103,6679.349999999999,9,5340
111,6678.0,5,5345
1682,6668.129999999998,8,5353
1421,6665.7,3,5356
1994,6649.700000000001,10,5366
676,6643.400000000001,6,5372
819,6636.65,1,5373
491,6614.3,3,5376
710,6611.899999999999,9,5385
338,6609.25,9,5394
1724,6606.35,9,5403
50,6601.910000000001,10,5413
2382,6597.3,4,5417
310,6596.149999999999,10,5427
2077,6591.85,9,5436
935,6591.550000000001,3,5439
497,6590.95,6,5445
2419,6585.85,9,5454
1362,6582.45,9,5463
1317,6581.5,3,5466
1479,6571.050000000001,9,5475
2307,6568.5999999999985,8,5483
1125,6567.0,3,5486
1578,6566.0,5,5491
1261,6558.25,10,5501
2743,6557.0999999999985,10,5511
1164,6550.85,8,5519
2282,6530.15,6,5525
1227,6518.749999999999,7,5532
117,6514.51,8,5540
1719,6513.85,7,5547
2281,6513.400000000001,9,5556
1149,6496.5,9,5565
1886,6492.099999999999,7,5572
2070,6476.04,8,5580
2597,6474.549999999999,9,5589
2398,6456.9,2,5591
2441,6443.85,5,5596
642,6442.349999999999,9,5605
1071,6440.599999999999,6,5611
969,6437.289999999999,8,5619
1391,6436.699999999999,10,5629
2772,6428.0,4,5633
1410,6422.2,9,5642
1508,6421.699999999999,3,5645
365,6417.150000000001,8,5653
2038,6409.299999999999,7,5660
953,6377.55,8,5668
1854,6376.55,6,5674
1262,6372.200000000001,8,5682
2097,6372.08,7,5689
1698,6369.75,9,5698
2531,6349.949999999999,10,5708
1712,6342.149999999999,7,5715
584,6341.35,6,5721
1834,6333.990000000001,10,5731
794,6310.900000000001,5,5736
508,6302.3,6,5742
1223,6291.450000000001,3,5745
968,6289.95,9,5754
2489,6287.4000000000015,5,5759
2522,6284.950000000001,9,5768
2224,6283.349999999999,7,5775
1277,6274.7,10,5785
2405,6264.149999999999,10,5795
2314,6261.6,7,5802
830,6260.4,2,5804
190,6251.099999999999,10,5814
1882,6234.95,4,5818
2114,6231.929999999999,8,5826
484,6217.7,7,5833
380,6177.7,7,5840
763,6177.33,9,5849
146,6176.950000000001,9,5858
2187,6172.7,10,5868
1448,6165.849999999999,9,5877
1514,6145.72,9,5886
2006,6144.8,6,5892
309,6144.5,6,5898
191,6140.28,6,5904
69,6124.05,5,5909
2164,6110.1,10,5919
2117,6109.599999999999,10,5929
2193,6103.3,6,5935
2624,6098.25,6,5941
43,6094.400000000001,9,5950
1967,6090.7,5,5955
1430,6084.0,7,5962
77,6072.5,5,5967
1194,6067.0,3,5970
2396,6063.700000000001,10,5980
427,6049.450000000001,3,5983
1740,6034.15,5,5988
823,6027.97,8,5996
1833,6020.4,1,5997
1768,6013.799999999999,6,6003
253,6011.599999999999,8,6011
2320,6010.549999999999,5,6016
834,6006.75,8,6024
2389,5992.599999999999,8,6032
2184,5988.650000000001,8,6040
2557,5980.4000000000015,3,6043
357,5964.650000000001,9,6052
2614,5960.150000000001,10,6062
2122,5953.799999999999,6,6068
630,5953.299999999999,2,6070
2134,5951.099999999999,9,6079
848,5946.299999999999,9,6088
1737,5932.61,7,6095
1686,5924.4,10,6105
853,5914.950000000001,5,6110
1169,5902.3,5,6115
1703,5896.0,9,6124
1945,5889.9,7,6131
139,5876.300000000001,10,6141
1319,5870.8,4,6145
2321,5869.000000000001,5,6150
2131,5868.9,7,6157
1011,5846.55,8,6165
2181,5829.0,4,6169
2558,5826.05,7,6176
2647,5823.25,10,6186
411,5822.1,4,6190
2284,5813.199999999999,6,6196
774,5810.75,5,6201
532,5804.34,8,6209
1266,5802.15,8,6217
2678,5787.75,10,6227
1172,5787.449999999999,7,6234
1552,5774.21,7,6241
367,5769.55,5,6246
2019,5765.2,9,6255
593,5756.349999999999,8,6263
1454,5755.200000000001,6,6269
2015,5752.45,5,6274
2301,5751.099999999999,2,6276
1347,5748.849999999999,10,6286
2334,5747.6,9,6295
1235,5746.75,10,6305
293,5738.95,6,6311
715,5732.870000000001,8,6319
1912,5730.25,8,6327
1161,5726.25,5,6332
469,5715.45,5,6337
1823,5713.950000000001,10,6347
1918,5711.889999999999,10,6357
1153,5706.749999999999,6,6363
432,5703.9,8,6371
1132,5700.749999999999,10,6381
1520,5696.58,3,6384
2155,5673.55,9,6393
1586,5655.599999999999,9,6402
975,5653.45,7,6409
1646,5649.4,6,6415
757,5642.25,7,6422
680,5640.549999999999,4,6426
656,5603.079999999999,10,6436
2169,5598.45,1,6437
2210,5594.400000000001,3,6440
22,5587.999999999999,9,6449
403,5574.2,5,6454
1256,5557.150000000001,7,6461
1639,5553.750000000001,8,6469
1942,5551.7,10,6479
675,5540.75,3,6482
263,5540.249999999999,7,6489
2668,5505.89,9,6498
1175,5505.65,10,6508
1390,5491.900000000001,3,6511
875,5490.099999999999,8,6519
2445,5490.099999999999,8,6527
174,5479.0,8,6535
771,5471.25,7,6542
2250,5470.5,8,6550
1600,5448.38,10,6560
951,5439.8,8,6568
243,5429.8,6,6574
2273,5427.349999999999,10,6584
2532,5412.65,8,6592
996,5403.099999999999,6,6598
1467,5401.15,5,6603
1046,5397.599999999999,2,6605
661,5396.700000000001,5,6610
1888,5383.25,8,6618
2078,5381.6,6,6624
1116,5369.7,10,6634
811,5367.6,5,6639
2695,5361.4,8,6647
580,5358.9,5,6652
966,5338.85,8,6660
2118,5338.5,7,6667
2731,5336.549999999999,4,6671
185,5324.9,7,6678
1460,5317.3,8,6686
657,5315.65,6,6692
655,5306.25,7,6699
144,5301.25,2,6701
2076,5293.4,1,6702
2484,5292.75,4,6706
687,5292.150000000001,8,6714
1293,5286.549999999998,9,6723
2667,5275.2,6,6729
1380,5272.169999999999,7,6736
2272,5263.849999999999,9,6745
815,5248.07,6,6751
328,5223.449999999999,10,6761
838,5219.400000000001,7,6768
2215,5200.499999999999,7,6775
1379,5191.799999999999,5,6780
1699,5191.599999999999,6,6786
970,5191.099999999999,7,6793
705,5185.75,10,6803
1525,5184.900000000001,5,6808
2099,5183.05,5,6813
1971,5178.849999999999,9,6822
892,5177.25,5,6827
249,5173.400000000001,5,6832
2236,5173.3,4,6836
1579,5169.25,6,6842
131,5162.799999999999,8,6850
1742,5159.2,7,6857
52,5156.1,5,6862
2318,5146.9,4,6866
701,5146.05,7,6873
1036,5141.15,1,6874
878,5136.859999999999,7,6881
2072,5135.699999999999,3,6884
2115,5133.5,10,6894
965,5126.5,6,6900
1892,5102.929999999999,6,6906
2601,5098.150000000001,8,6914
1969,5094.150000000001,4,6918
737,5087.7,10,6928
2162,5080.85,9,6937
2365,5070.679999999999,9,6946
1914,5062.35,7,6953
1761,5054.2,3,6956
223,5053.65,4,6960
575,5053.05,6,6966
1217,5052.4,4,6970
1641,5044.85,2,6972
1746,5037.9,9,6981
1845,5031.5,3,6984
2257,5013.849999999999,10,6994
1270,5012.599999999999,6,7000
2104,5005.9,7,7007
217,5005.45,5,7012
1370,5004.35,3,7015
1544,5000.83,10,7025
1958,4994.0,4,7029
2464,4993.799999999999,8,7037
1222,4984.699999999999,9,7046
180,4982.599999999999,9,7055
1980,4966.45,2,7057
994,4964.849999999999,5,7062
2518,4956.750000000001,7,7069
1887,4954.4,6,7075
719,4953.800000000001,5,7080
1653,4953.45,6,7086
2495,4948.349999999999,8,7094
849,4942.54,10,7104
510,4935.55,9,7113
1090,4934.05,10,7123
2710,4924.849999999999,10,7133
777,4923.599999999999,6,7139
158,4922.599999999999,3,7142
909,4921.049999999999,5,7147
1250,4919.53,4,7151
1238,4918.099999999999,6,7157
2366,4917.95,7,7164
2728,4917.7,10,7174
2509,4913.349999999999,6,7180
1322,4911.3,1,7181
1571,4910.15,10,7191
1432,4907.8,7,7198
2636,4903.150000000001,9,7207
1803,4892.53,2,7209
1434,4887.4,7,7216
761,4886.820000000001,9,7225
1423,4867.750000000001,6,7231
155,4859.5,5,7236
451,4852.1,6,7242
512,4836.150000000001,4,7246
2147,4828.799999999999,8,7254
928,4828.700000000001,5,7259
2570,4828.3,4,7263
1127,4826.200000000001,6,7269
2763,4822.6,5,7274
1576,4822.349999999999,7,7281
2217,4820.7,5,7286
629,4814.900000000001,10,7296
824,4810.849999999999,4,7300
1946,4806.45,2,7302
871,4806.0,5,7307
621,4803.1,2,7309
318,4800.75,4,7313
474,4797.6,1,7314
56,4791.849999999999,6,7320
1992,4771.200000000001,5,7325
2222,4770.950000000001,5,7330
81,4769.799999999999,10,7340
90,4754.049999999999,10,7350
1233,4753.85,6,7356
1583,4752.6,9,7365
2741,4750.4,9,7374
1076,4748.5,6,7380
1846,4747.95,6,7386
2514,4747.049999999999,7,7393
1400,4738.75,8,7401
810,4736.25,9,7410
2028,4726.320000000001,9,7419
2674,4720.3,4,7423
246,4718.699999999999,8,7431
860,4710.9,3,7434
2084,4703.85,4,7438
735,4702.15,3,7441
800,4690.699999999999,7,7448
33,4689.3,1,7449
881,4680.549999999999,10,7459
97,4671.3,6,7465
429,4671.0,1,7466
1302,4655.92,10,7476
1755,4652.5,10,7486
2066,4651.400000000001,5,7491
2045,4645.95,6,7497
681,4639.74,4,7501
1413,4636.15,10,7511
1948,4635.049999999999,10,7521
273,4631.25,7,7528
193,4627.8,10,7538
1072,4625.750000000001,9,7547
1378,4620.2,8,7555
1603,4619.099999999999,6,7561
1531,4615.55,10,7571
2175,4615.4,8,7579
1518,4605.65,10,7589
1808,4603.800000000001,10,7599
1110,4602.65,10,7609
1838,4600.95,4,7613
2302,4599.750000000001,7,7620
1351,4597.15,10,7630
1383,4592.550000000001,8,7638
1584,4587.200000000001,9,7647
620,4580.9,5,7652
2762,4579.799999999999,6,7658
371,4569.349999999999,8,7666
2569,4567.990000000001,4,7670
2561,4563.55,6,7676
2228,4553.1,6,7682
739,4551.999999999999,5,7687
664,4538.15,7,7694
304,4536.3,10,7704
1543,4535.900000000001,8,7712
2500,4534.45,5,7717
1708,4532.8,8,7725
2322,4528.65,9,7734
1099,4511.350000000001,8,7742
937,4509.25,4,7746
1790,4503.629999999999,7,7753
907,4498.679999999999,8,7761
2774,4496.69,10,7771
1623,4494.449999999999,4,7775
1905,4489.299999999999,5,7780
2429,4487.95,6,7786
1614,4487.650000000001,9,7795
796,4478.85,6,7801
2113,4478.849999999999,9,7810
1296,4477.05,6,7816
259,4454.55,8,7824
1516,4444.950000000001,8,7832
1239,4444.75,5,7837
1534,4431.05,10,7847
1093,4428.95,4,7851
1596,4427.0,3,7854
778,4424.4,3,7857
2539,4420.75,9,7866
2135,4413.5,4,7870
407,4412.95,10,7880
1264,4412.5,5,7885
456,4412.299999999999,6,7891
2590,4411.85,5,7896
2549,4407.8,6,7902
1481,4407.1,10,7912
2630,4400.7,9,7921
1612,4397.95,6,7927
48,4396.6,8,7935
1085,4380.039999999999,5,7940
1766,4372.7,1,7941
743,4372.2,4,7945
1561,4362.8,5,7950
971,4349.700000000001,4,7954
2691,4342.7,6,7960
142,4340.9,5,7965
502,4338.75,10,7975
1173,4337.95,7,7982
2340,4336.35,10,7992
2541,4335.35,3,7995
28,4330.849999999999,8,8003
1167,4312.7,3,8006
828,4311.0,4,8010
1295,4308.65,7,8017
199,4299.75,2,8019
2640,4294.35,7,8026
1182,4293.35,4,8030
559,4290.849999999999,3,8033
1028,4284.9,10,8043
64,4284.9,2,8045
683,4282.85,4,8049
147,4282.849999999999,4,8053
1462,4279.949999999999,8,8061
514,4275.8,4,8065
704,4273.449999999999,10,8075
2298,4266.199999999999,8,8083
825,4264.5,4,8087
1494,4262.77,10,8097
622,4256.53,8,8105
1599,4255.8,1,8106
1014,4253.32,5,8111
2697,4249.5,6,8117
1447,4242.1,1,8118
619,4241.2,7,8125
1006,4237.9,4,8129
1297,4228.85,7,8136
886,4221.099999999999,7,8143
2739,4214.900000000001,3,8146
2544,4200.900000000001,8,8154
2296,4194.700000000001,9,8163
2062,4180.249999999999,10,8173
2661,4180.1900000000005,8,8181
724,4179.150000000001,9,8190
2425,4177.95,10,8200
235,4177.599999999999,9,8209
1664,4176.6,7,8216
934,4171.099999999999,2,8218
2253,4169.35,7,8225
2771,4159.349999999999,7,8232
19,4154.05,9,8241
877,4141.9,5,8246
1591,4139.900000000001,5,8251
1635,4133.92,8,8259
2216,4132.8,8,8267
1720,4130.18,7,8274
163,4129.25,6,8280
1780,4126.45,5,8285
1065,4122.4,9,8294
390,4115.89,3,8297
2022,4111.35,5,8302
1897,4106.7,3,8305
1405,4100.0,9,8314
1598,4099.0,10,8324
2260,4089.75,9,8333
1200,4079.29,6,8339
1485,4078.1,8,8347
2157,4074.9,2,8349
1128,4069.0999999999995,7,8356
1762,4059.4999999999995,8,8364
89,4059.45,7,8371
1730,4052.82,7,8378
62,4051.6500000000005,7,8385
1568,4047.6000000000004,10,8395
394,4043.0,9,8404
2085,4042.75,6,8410
2693,4041.6000000000004,10,8420
1791,4039.2,6,8426
167,4038.75,1,8427
1017,4037.5699999999997,6,8433
2092,4034.1,2,8435
2154,4021.41,8,8443
2137,4013.5,8,8451
650,4002.85,4,8455
1135,3996.2999999999997,3,8458
2643,3995.149999999999,6,8464
2702,3993.25,8,8472
2773,3991.65,9,8481
765,3990.3500000000004,7,8488
1078,3981.0499999999997,5,8493
2295,3980.7999999999997,10,8503
587,3976.9,2,8505
2234,3975.6499999999996,3,8508
2235,3973.2,2,8510
438,3966.0499999999997,7,8517
2211,3963.3999999999996,3,8520
1021,3952.45,10,8530
2440,3952.35,4,8534
1470,3946.25,7,8541
2231,3937.8499999999995,7,8548
2491,3930.7499999999995,5,8553
2304,3927.35,3,8556
598,3924.0,9,8565
987,3920.2,5,8570
2178,3916.4499999999994,9,8579
1490,3910.25,7,8586
2656,3904.7999999999997,9,8595
1079,3896.0999999999995,5,8600
2449,3891.9999999999995,6,8606
1337,3888.45,5,8611
1739,3886.3999999999996,6,8617
697,3884.3499999999995,8,8625
2594,3884.0,4,8629
449,3882.9999999999995,7,8636
2462,3882.25,4,8640
1654,3880.65,6,8646
29,3873.46,3,8649
1064,3871.7,6,8655
2384,3870.4399999999996,3,8658
446,3860.2,10,8668
2297,3860.1,5,8673
626,3856.2299999999996,9,8682
389,3846.3500000000004,10,8692
2049,3846.15,1,8693
1605,3837.7,3,8696
1193,3833.6,2,8698
1759,3832.85,10,8708
336,3827.7999999999993,5,8713
2179,3827.6,4,8717
1672,3826.5500000000006,7,8724
854,3823.21,9,8733
2355,3821.9500000000003,3,8736
321,3819.55,10,8746
100,3816.25,8,8754
339,3814.5499999999997,4,8758
2546,3807.4999999999995,5,8763
1966,3801.55,6,8769
869,3801.3500000000004,5,8774
652,3801.3,6,8780
1778,3790.25,8,8788
956,3781.3499999999995,9,8797
340,3781.2499999999995,6,8803
1922,3777.8999999999996,9,8812
809,3776.6499999999996,8,8820
2756,3773.95,6,8826
684,3767.0,9,8835
2759,3766.8,6,8841
2064,3766.3999999999996,6,8847
1215,3764.2599999999998,8,8855
354,3756.4500000000003,4,8859
1650,3752.85,4,8863
770,3741.6499999999996,3,8866
2186,3738.8999999999996,3,8869
1988,3735.75,6,8875
1807,3734.25,9,8884
2471,3728.55,5,8889
1864,3727.95,9,8898
1619,3721.9,5,8903
2538,3716.0,6,8909
2535,3706.8999999999996,8,8917
417,3704.25,7,8924
1016,3700.3999999999996,1,8925
2679,3691.17,5,8930
270,3669.7499999999995,8,8938
305,3667.7499999999995,9,8947
210,3665.8500000000004,7,8954
1053,3663.3399999999997,6,8960
255,3662.05,8,8968
196,3659.75,4,8972
1648,3652.3999999999996,3,8975
1925,3650.45,5,8980
590,3649.35,3,8983
1541,3648.3500000000004,10,8993
1800,3642.3000000000006,5,8998
268,3642.16,9,9007
2629,3641.0,4,9011
1330,3635.4500000000003,10,9021
1146,3633.7,2,9023
1936,3630.85,7,9030
1061,3628.2,6,9036
2681,3626.0,1,9037
1357,3624.4500000000007,8,9045
1754,3620.2999999999997,10,9055
1883,3616.6499999999996,10,9065
265,3607.35,3,9068
245,3605.1800000000003,6,9074
1313,3603.2999999999993,8,9082
1355,3599.75,5,9087
2185,3599.1499999999996,8,9095
1401,3593.5999999999995,9,9104
1001,3592.7999999999997,9,9113
125,3588.75,1,9114
1381,3586.1,10,9124
565,3582.2,4,9128
585,3580.8,2,9130
916,3580.2,1,9131
1032,3572.3,10,9141
526,3563.15,6,9147
1674,3556.05,7,9154
827,3552.5399999999995,9,9163
1242,3552.0,9,9172
634,3537.2,4,9176
1602,3531.0,5,9181
2158,3529.75,3,9184
1953,3520.4999999999995,6,9190
2177,3519.1,6,9196
1893,3518.3,3,9199
845,3515.9300000000003,9,9208
768,3515.25,3,9211
1983,3510.0,4,9215
138,3499.05,6,9221
2212,3493.05,8,9229
2404,3491.9000000000005,9,9238
1505,3490.9,10,9248
2229,3489.0,8,9256
1440,3488.3499999999995,10,9266
1550,3483.3,4,9270
1024,3481.45,3,9273
1908,3475.8999999999996,9,9282
901,3474.4500000000003,7,9289
1271,3461.74,7,9296
134,3456.3999999999996,5,9301
375,3451.35,2,9303
2485,3446.3999999999996,1,9304
703,3445.9,9,9313
149,3444.15,2,9315
2025,3441.2000000000003,7,9322
2430,3439.2,5,9327
1608,3434.58,5,9332
112,3424.1,5,9337
2505,3415.9,3,9340
895,3414.7099999999996,4,9344
1499,3403.5499999999997,7,9351
289,3402.8499999999995,4,9355
1929,3401.8499999999995,8,9363
992,3401.59,7,9370
762,3399.05,7,9377
2238,3392.9,10,9387
1395,3386.19,9,9396
1377,3377.2999999999997,9,9405
923,3368.4999999999995,8,9413
1055,3366.5699999999997,8,9421
1515,3355.35,4,9425
2093,3354.1499999999996,4,9429
542,3351.95,8,9437
1998,3346.6500000000005,5,9442
2071,3345.3,5,9447
1488,3344.45,9,9456
2003,3341.1000000000004,3,9459
2378,3338.5499999999997,8,9467
2626,3334.9299999999994,9,9476
408,3329.2499999999995,7,9483
1815,3328.35,8,9491
1306,3317.8,4,9495
2392,3315.8500000000004,7,9502
1452,3307.2,9,9511
2634,3302.95,8,9519
1812,3302.25,3,9522
1136,3299.2999999999997,5,9527
1254,3293.14,8,9535
2447,3292.1,4,9539
673,3291.8999999999996,7,9546
883,3290.8,2,9548
733,3282.6000000000004,6,9554
1951,3282.4500000000003,6,9560
2348,3267.7000000000003,6,9566
78,3266.3,3,9569
641,3265.7999999999997,3,9572
2088,3264.8599999999997,9,9581
1894,3257.4,5,9586
589,3255.5499999999997,9,9595
887,3253.7999999999997,4,9599
1721,3245.7999999999997,6,9605
2153,3243.4500000000003,9,9614
1234,3240.95,5,9619
1461,3240.85,8,9627
1726,3240.3,8,9635
234,3237.2,5,9640
2397,3235.9500000000003,1,9641
1159,3235.5,4,9645
2317,3226.1499999999996,6,9651
2623,3215.5000000000005,10,9661
238,3213.7999999999997,6,9667
274,3213.2499999999995,5,9672
397,3206.4100000000003,8,9680
518,3204.35,7,9687
1848,3199.7,10,9697
653,3191.85,5,9702
459,3190.15,8,9710
1526,3190.0499999999997,2,9712
2403,3188.6,3,9715
2299,3186.6,4,9719
2487,3185.85,5,9724
2512,3185.25,7,9731
999,3179.85,6,9737
285,3176.4,8,9745
16,3174.7,6,9751
1927,3174.0,4,9755
2736,3173.5,5,9760
902,3171.6,8,9768
465,3166.45,6,9774
868,3163.55,10,9784
1341,3156.5499999999997,5,9789
1844,3156.4999999999995,5,9794
525,3155.35,6,9800
2239,3146.3099999999995,7,9807
1558,3134.55,8,9815
609,3130.45,6,9821
2472,3130.3,8,9829
46,3130.25,5,9834
1279,3125.1499999999996,6,9840
1949,3117.3,10,9850
445,3116.4500000000003,7,9857
1384,3114.8,9,9866
130,3110.83,5,9871
38,3106.4000000000005,5,9876
679,3103.5,7,9883
625,3100.0499999999997,4,9887
1853,3095.1899999999996,5,9892
1398,3092.25,3,9895
1772,3091.5,4,9899
2434,3090.2,6,9905
1626,3085.5,3,9908
324,3072.7999999999997,5,9913
177,3070.6,5,9918
1478,3065.85,10,9928
2265,3061.100000000001,8,9936
2095,3050.65,5,9941
2167,3050.6,4,9945
2426,3045.1499999999996,8,9953
760,3044.85,4,9957
1286,3044.35,7,9964
2205,3041.2,4,9968
1420,3031.9500000000003,5,9973
2438,3029.59,10,9983
1152,3029.55,7,9990
2565,3026.7,7,9997
1896,3025.7999999999997,10,10007
692,3024.6499999999996,7,10014
1528,3023.8499999999995,3,10017
915,3009.2,4,10021
2536,3007.3999999999996,3,10024
1704,3001.95,8,10032
277,2999.95,5,10037
2061,2995.2499999999995,6,10043
1209,2995.0,1,10044
694,2994.9,7,10051
2287,2986.85,5,10056
168,2986.75,4,10060
1122,2985.0999999999995,3,10063
1866,2983.2,5,10068
1878,2978.5,8,10076
405,2958.8999999999996,5,10081
401,2956.3,1,10082
161,2956.3,1,10083
288,2952.2000000000003,8,10091
368,2950.25,10,10101
961,2945.0499999999997,10,10111
604,2939.95,5,10116
2046,2936.0000000000005,5,10121
2357,2934.2,6,10127
2635,2919.25,7,10134
2638,2917.65,4,10138
372,2913.35,5,10143
1901,2912.25,10,10153
782,2908.95,5,10158
1171,2907.2,7,10165
615,2906.3,5,10170
1300,2900.3,3,10173
494,2896.9999999999995,9,10182
421,2895.4500000000003,10,10192
2165,2892.2499999999995,9,10201
1360,2886.95,4,10205
1287,2886.2,10,10215
254,2880.9799999999996,6,10221
833,2873.35,5,10226
1904,2871.05,6,10232
2652,2868.0899999999997,4,10236
1818,2862.6499999999996,6,10242
1082,2858.4,9,10251
707,2858.3,5,10256
2086,2856.2,4,10260
1968,2855.8999999999996,3,10263
67,2854.5,2,10265
1607,2851.65,3,10268
2683,2843.15,7,10275
1358,2836.4500000000003,2,10277
1779,2826.7,7,10284
2129,2826.1499999999996,8,10292
2412,2818.8,9,10301
99,2804.9999999999995,7,10308
1137,2804.4500000000003,9,10317
1890,2797.2,4,10321
2606,2792.95,4,10325
1926,2788.3499999999995,6,10331
2073,2785.5499999999997,10,10341
220,2783.2999999999997,7,10348
791,2778.6000000000004,7,10355
2596,2766.1,2,10357
2161,2765.45,3,10360
929,2764.2999999999997,10,10370
745,2763.2999999999997,6,10376
2050,2759.3999999999996,10,10386
2209,2754.35,7,10393
1820,2749.7000000000003,8,10401
94,2746.75,8,10409
2029,2739.9,3,10412
2346,2737.85,5,10417
1060,2736.3500000000004,9,10426
896,2735.6,6,10432
1168,2733.7,6,10438
1411,2730.4000000000005,10,10448
1210,2730.2499999999995,10,10458
2620,2729.15,6,10464
750,2724.5,3,10467
1806,2720.1000000000004,5,10472
2096,2718.6,10,10482
1417,2705.0499999999997,5,10487
785,2698.7999999999997,2,10489
8,2698.5,1,10490
855,2697.6999999999994,8,10498
252,2695.6499999999996,7,10505
797,2693.25,8,10513
1373,2692.95,6,10519
659,2689.0,6,10525
143,2687.0499999999997,7,10532
1449,2682.55,6,10538
2685,2682.0,1,10539
2612,2676.55,7,10546
1675,2676.5499999999997,4,10550
2659,2676.4999999999995,8,10558
1342,2673.7999999999997,4,10562
1519,2671.9,9,10571
1665,2663.65,3,10574
2352,2662.2,4,10578
1158,2652.8,8,10586
1320,2652.1,5,10591
1793,2645.3,6,10597
135,2643.0499999999997,9,10606
2388,2642.15,9,10615
2294,2642.0,8,10623
228,2638.9500000000003,3,10626
31,2638.68,1,10627
2192,2636.7000000000003,3,10630
1012,2635.1,3,10633
529,2613.45,10,10643
244,2609.8999999999996,10,10653
2690,2609.85,8,10661
2564,2606.25,2,10663
2262,2605.7,5,10668
2603,2603.1,9,10677
2409,2598.3399999999997,4,10681
1431,2595.0,5,10686
793,2589.6000000000004,6,10692
1375,2586.85,8,10700
319,2579.4,6,10706
1140,2577.65,9,10715
1997,2573.85,4,10719
2170,2573.0499999999997,10,10729
1789,2562.89,4,10733
450,2561.9999999999995,7,10740
1170,2555.2499999999995,10,10750
2279,2554.6,10,10760
949,2552.5,6,10766
47,2545.75,4,10770
1031,2536.95,10,10780
495,2527.95,5,10785
977,2525.75,6,10791
1553,2519.35,9,10800
120,2513.4499999999994,6,10806
2585,2512.2000000000003,1,10807
412,2510.65,6,10813
101,2509.1000000000004,8,10821
1181,2509.0,10,10831
2577,2508.8,5,10836
2752,2507.2000000000003,9,10845
329,2499.0,10,10855
1764,2497.83,9,10864
1506,2497.5,1,10865
1484,2494.35,6,10871
327,2492.1,6,10877
1792,2486.2499999999995,6,10883
59,2485.7999999999997,9,10892
73,2477.95,7,10899
1464,2475.65,4,10903
306,2466.7999999999997,5,10908
764,2465.25,2,10910
182,2462.35,3,10913
1775,2456.2999999999997,9,10922
206,2455.3,5,10927
2285,2447.5499999999997,3,10930
1753,2447.0000000000005,5,10935
2411,2440.35,4,10939
2545,2437.95,3,10942
2063,2427.85,8,10950
1873,2427.8,8,10958
844,2427.07,10,10968
35,2426.3799999999997,8,10976
286,2425.95,2,10978
1817,2419.95,6,10984
958,2419.8,7,10991
54,2413.25,8,10999
2663,2410.4500000000003,6,11005
264,2409.5500000000006,6,11011
2689,2408.45,4,11015
1429,2408.3300000000004,6,11021
1321,2387.2499999999995,9,11030
297,2381.7199999999993,7,11037
287,2381.4800000000005,10,11047
1107,2374.0499999999997,3,11050
2687,2366.5,9,11059
888,2359.75,7,11066
2707,2358.9500000000003,3,11069
53,2357.65,9,11078
2200,2356.05,5,11083
2458,2354.1,2,11085
2054,2353.2999999999997,7,11092
1627,2350.95,4,11096
2107,2350.85,4,11100
488,2350.6000000000004,10,11110
781,2347.65,3,11113
2199,2340.4500000000003,7,11120
2737,2340.0499999999997,10,11130
2144,2339.3999999999996,6,11136
1096,2336.4999999999995,7,11143
2658,2335.5,2,11145
2241,2328.7,8,11153
842,2326.44,6,11159
251,2318.35,3,11162
1530,2317.95,2,11164
2342,2316.85,7,11171
481,2312.75,1,11172
1459,2312.75,4,11176
316,2312.0,5,11181
1113,2307.0499999999997,7,11188
2765,2306.15,5,11193
1782,2305.8999999999996,3,11196
2662,2295.9,6,11202
178,2291.35,9,11211
2126,2289.7,5,11216
588,2285.7499999999995,6,11222
1323,2279.2,4,11226
1891,2278.1,2,11228
129,2276.35,7,11235
1450,2275.95,5,11240
2605,2270.1499999999996,5,11245
884,2264.55,4,11249
798,2259.81,6,11255
492,2258.85,4,11259
485,2258.35,7,11266
1669,2256.4,8,11274
212,2249.6500000000005,9,11283
458,2247.35,6,11289
2655,2247.2,5,11294
1837,2246.4,5,11299
49,2242.3,4,11303
2315,2241.8,7,11310
1206,2240.7499999999995,7,11317
1743,2239.3999999999996,10,11327
1374,2237.2,8,11335
335,2234.75,9,11344
890,2234.45,7,11351
2609,2231.7,1,11352
356,2231.0999999999995,7,11359
2750,2229.05,2,11361
1406,2228.0,8,11369
1436,2225.05,6,11375
931,2223.25,5,11380
2619,2217.4500000000003,5,11385
1510,2203.2,1,11386
2457,2202.15,2,11388
667,2201.5,2,11390
1872,2200.59,1,11391
1785,2194.5,2,11393
727,2193.45,3,11396
2369,2191.95,6,11402
2112,2186.5,5,11407
1987,2186.35,2,11409
213,2183.85,9,11418
1009,2180.38,9,11427
250,2178.4,10,11437
1805,2175.45,3,11440
1545,2175.05,7,11447
2730,2173.05,3,11450
2755,2169.1,3,11453
1658,2166.5,4,11457
2325,2161.65,3,11460
1613,2156.7,6,11466
1368,2154.6,3,11469
2149,2152.5499999999997,4,11473
2358,2151.1499999999996,4,11477
1693,2151.05,5,11482
1203,2149.7,2,11484
2692,2149.35,3,11487
164,2147.64,5,11492
1716,2142.35,5,11497
600,2142.0,2,11499
1663,2136.0499999999997,3,11502
1984,2129.2,5,11507
364,2128.0499999999997,7,11514
1451,2126.45,3,11517
720,2126.45,4,11521
2091,2123.6,6,11527
1769,2123.45,6,11533
2483,2122.35,4,11537
2053,2119.1,7,11544
2726,2117.3500000000004,1,11545
2672,2115.7,6,11551
2490,2111.7,6,11557
1990,2105.25,6,11563
2266,2105.2,3,11566
623,2103.4,5,11571
1774,2097.4,10,11581
1548,2094.85,6,11587
1304,2094.75,1,11588
2311,2094.75,2,11590
1455,2091.4,8,11598
1868,2087.3699999999994,8,11606
586,2085.25,9,11615
1504,2079.4,2,11617
2030,2066.55,4,11621
376,2061.65,4,11625
2174,2047.55,4,11629
160,2038.7,6,11635
816,2035.2499999999998,3,11638
1035,2032.4,6,11644
104,2032.1999999999998,4,11648
2573,2024.9499999999998,6,11654
1350,2024.1000000000001,5,11659
1246,2020.3,5,11664
1944,2019.8999999999999,3,11667
233,2018.25,3,11670
1232,2011.8000000000002,3,11673
1796,2005.4499999999998,6,11679
2563,2005.25,4,11683
776,2004.1499999999999,7,11690
1231,1998.7500000000002,4,11694
1216,1997.4500000000003,5,11699
2696,1995.0499999999997,6,11705
279,1986.7999999999997,5,11710
603,1972.2,1,11711
2057,1969.3999999999999,4,11715
189,1966.55,8,11723
2142,1962.1,4,11727
2650,1957.4499999999998,7,11734
2214,1956.3999999999999,6,11740
1365,1952.0500000000002,7,11747
1781,1950.75,1,11748
2090,1948.8999999999999,3,11751
1197,1948.0500000000002,2,11753
395,1946.75,2,11755
2034,1940.6599999999999,7,11762
981,1934.75,6,11768
1640,1930.5,6,11774
2664,1930.35,4,11778
1690,1929.9499999999998,3,11781
2383,1923.5,6,11787
1947,1922.85,2,11789
1537,1922.0000000000002,6,11795
2508,1905.7,2,11797
41,1903.5499999999997,5,11802
392,1902.85,4,11806
2393,1902.55,9,11815
1906,1899.75,2,11817
415,1895.25,1,11818
109,1895.25,5,11823
2051,1894.35,6,11829
121,1891.65,3,11832
464,1888.1000000000001,9,11841
282,1875.3,2,11843
945,1875.2,7,11850
2288,1870.05,4,11854
2338,1868.3999999999999,3,11857
536,1864.9499999999998,4,11861
133,1864.5500000000002,4,11865
1414,1862.85,7,11872
1871,1857.2500000000002,6,11878
2218,1848.9,6,11884
1795,1848.8,4,11888
880,1848.15,2,11890
1145,1842.9,4,11894
1126,1842.45,1,11895
1030,1841.75,4,11899
1843,1836.9999999999998,3,11902
14,1835.8999999999999,4,11906
222,1835.3999999999999,1,11907
1979,1819.05,2,11909
2040,1816.5,2,11911
754,1811.1499999999999,3,11914
1624,1811.0,5,11919
1066,1807.25,8,11927
61,1798.35,7,11934
236,1797.7500000000002,5,11939
2474,1792.18,10,11949
437,1791.5100000000002,8,11957
1773,1785.05,6,11963
722,1777.05,2,11965
2249,1776.8999999999999,4,11969
455,1768.6,8,11977
197,1764.15,6,11983
2547,1763.4499999999998,5,11988
1045,1756.9,5,11993
1592,1751.0499999999997,9,12002
1119,1748.25,2,12004
486,1748.25,3,12007
891,1746.95,3,12010
665,1740.65,5,12015
540,1739.4499999999998,5,12020
2100,1738.6499999999999,1,12021
2245,1730.55,6,12027
1628,1726.55,4,12031
1996,1725.9,3,12034
443,1724.8000000000002,3,12037
747,1724.0499999999997,4,12041
601,1714.4499999999998,7,12048
1095,1707.1499999999999,8,12056
281,1703.25,6,12062
1281,1701.91,4,12066
219,1690.55,4,12070
2703,1686.75,4,12074
1044,1684.6,10,12084
352,1678.4,9,12093
1535,1675.8,1,12094
1098,1670.9499999999998,6,12100
2713,1670.55,1,12101
247,1658.8,3,12104
2517,1647.75,7,12111
1010,1647.25,2,12113
326,1646.63,6,12119
175,1645.3,7,12126
1056,1645.1499999999999,5,12131
1982,1637.95,1,12132
639,1634.85,2,12134
696,1634.85,2,12136
1865,1633.45,3,12139
1402,1632.8999999999999,5,12144
214,1627.85,8,12152
2141,1624.28,6,12158
541,1624.1499999999999,10,12168
396,1610.9499999999998,2,12170
2116,1609.9499999999998,4,12174
2011,1609.25,3,12177
1117,1608.95,6,12183
2453,1607.15,5,12188
382,1601.9499999999998,5,12193
2744,1597.9,5,12198
1106,1596.8,2,12200
79,1595.6000000000001,2,12202
2450,1592.95,2,12204
1574,1590.25,3,12207
1540,1584.0000000000002,3,12210
1952,1583.55,1,12211
1609,1579.6,2,12213
12,1577.95,7,12220
1711,1574.1000000000001,7,12227
769,1570.95,2,12229
1972,1566.15,1,12230
2197,1562.15,3,12233
1160,1555.8899999999999,2,12235
742,1550.95,3,12238
591,1547.3,4,12242
1004,1547.15,6,12248
734,1544.8999999999999,7,12255
1040,1544.0499999999997,5,12260
179,1537.9999999999998,7,12267
1219,1535.9999999999998,7,12274
1316,1521.83,5,12279
2151,1520.7,2,12281
1676,1517.25,6,12287
75,1516.8000000000002,1,12288
2720,1509.3,2,12290
2286,1506.56,5,12295
818,1505.6499999999999,9,12304
521,1505.6,3,12307
552,1499.3,1,12308
1491,1499.25,2,12310
1788,1497.5,2,12312
1015,1496.8,4,12316
2530,1496.4,4,12320
205,1496.29,8,12328
1482,1494.6499999999999,9,12337
2651,1490.45,5,12342
2036,1477.9,8,12350
2729,1475.55,6,12356
166,1468.25,6,12362
1821,1467.55,3,12365
689,1462.1000000000001,2,12367
128,1453.1999999999998,4,12371
87,1451.35,7,12378
2227,1448.5500000000002,5,12383
900,1447.8500000000001,4,12387
894,1447.8,5,12392
2520,1446.9,5,12397
1269,1440.25,8,12405
230,1436.3999999999999,3,12408
706,1435.5,3,12411
2427,1427.57,7,12418
225,1427.25,1,12419
203,1423.2,8,12427
2274,1416.3000000000002,5,12432
1191,1414.35,4,12436
2201,1414.1,6,12442
1151,1406.45,3,12445
1991,1405.0,4,12449
1111,1403.6000000000001,10,12459
548,1400.2,10,12469
543,1399.95,2,12471
462,1391.9499999999998,6,12477
924,1388.75,5,12482
1129,1384.2,5,12487
685,1383.6000000000001,5,12492
2402,1382.1499999999999,4,12496
1267,1377.3999999999999,5,12501
172,1373.1999999999998,6,12507
472,1368.2500000000002,3,12510
475,1368.05,4,12514
1445,1364.1000000000001,4,12518
1556,1363.05,6,12524
215,1359.15,3,12527
980,1355.75,3,12530
955,1355.2499999999998,2,12532
920,1353.98,3,12535
1532,1352.8999999999999,2,12537
1924,1345.6499999999999,7,12544
748,1344.95,10,12554
1328,1344.9499999999998,9,12563
2554,1343.84,3,12566
1052,1342.6000000000001,5,12571
1282,1326.85,7,12578
1644,1324.85,7,12585
257,1323.85,1,12586
2424,1318.3500000000001,2,12588
136,1318.3500000000001,3,12591
1139,1318.3500000000001,1,12592
1517,1310.0,4,12596
946,1307.8999999999999,1,12597
2343,1305.7,3,12600
406,1304.85,5,12605
2414,1297.95,6,12611
377,1296.75,1,12612
2718,1294.6999999999998,8,12620
1120,1293.5,2,12622
1757,1288.6,7,12629
1565,1287.85,1,12630
1019,1285.2,1,12631
1960,1284.05,9,12640
2497,1282.35,4,12644
1310,1276.8,4,12648
2528,1275.3000000000002,5,12653
835,1274.45,4,12657
1426,1270.15,2,12659
1715,1266.84,3,12662
1077,1264.8000000000002,3,12665
563,1263.05,7,12672
2451,1256.35,6,12678
531,1253.6999999999998,3,12681
1150,1248.2,1,12682
11,1245.65,8,12690
973,1244.1,3,12693
2146,1244.1,3,12696
836,1228.5,5,12701
2617,1224.3,1,12702
573,1223.9,4,12706
10,1221.4499999999998,9,12715
787,1221.35,9,12724
775,1216.35,6,12730
749,1214.3,6,12736
596,1212.2,7,12743
224,1207.4500000000003,8,12751
463,1207.0,3,12754
284,1206.3500000000001,8,12762
1114,1206.3500000000001,2,12764
997,1203.9499999999998,3,12767
350,1200.75,4,12771
211,1199.8,6,12777
152,1199.4,1,12778
986,1199.25,8,12786
2654,1198.0,4,12790
493,1197.9,6,12796
1649,1197.71,4,12800
2371,1193.3999999999999,2,12802
2534,1193.25,8,12810
2704,1192.0,2,12812
2572,1186.85,3,12815
2553,1186.15,4,12819
1745,1184.7,3,12822
2368,1181.25,5,12827
2267,1178.45,2,12829
1324,1177.05,2,12831
2454,1176.25,8,12839
1928,1173.3,6,12845
1799,1172.2,8,12853
2721,1170.45,4,12857
106,1170.45,3,12860
1734,1170.0,5,12865
2675,1169.25,7,12872
1655,1169.1899999999998,4,12876
353,1163.3999999999999,2,12878
1832,1161.5,3,12881
1512,1159.9499999999998,8,12889
1570,1149.75,1,12890
1503,1147.5,5,12895
2473,1147.2499999999998,5,12900
2516,1139.05,4,12904
545,1136.45,4,12908
370,1136.0,3,12911
1777,1134.3,4,12915
283,1134.05,7,12922
2203,1133.19,4,12926
476,1132.55,5,12931
2465,1129.95,3,12934
874,1125.75,9,12943
2075,1125.6,4,12947
668,1123.7499999999998,5,12952
2251,1121.85,8,12960
202,1118.95,3,12963
2401,1117.65,7,12970
1439,1112.1399999999999,8,12978
602,1108.8000000000002,3,12981
682,1108.5,7,12988
2124,1107.25,10,12998
921,1104.45,5,13003
564,1097.1000000000001,4,13007
2599,1092.65,3,13010
1637,1090.5,8,13018
414,1084.05,5,13023
2150,1079.1,3,13026
37,1078.65,2,13028
1333,1077.0,1,13029
2139,1076.05,2,13031
647,1074.0,5,13036
1881,1069.8,6,13042
2714,1069.15,4,13046
1961,1061.25,5,13051
718,1058.4,8,13059
452,1057.75,7,13066
922,1052.7,4,13070
1433,1049.9499999999998,6,13076
1502,1048.95,1,13077
1999,1046.6,4,13081
1416,1045.73,8,13089
1088,1043.1499999999999,5,13094
1241,1041.1,5,13099
1643,1039.5,2,13101
2259,1038.0,4,13105
1419,1031.6,7,13112
351,1030.1000000000001,9,13121
378,1018.6500000000001,5,13126
114,1018.3,4,13130
1336,1018.3,2,13132
857,1018.3,1,13133
2513,1017.45,2,13135
738,1017.1499999999999,5,13140
1937,1013.6,5,13145
434,1012.05,4,13149
723,998.54,7,13156
1178,989.25,2,13158
2198,986.0999999999999,10,13168
645,985.2499999999999,5,13173
1190,984.0500000000002,6,13179
2021,978.7,3,13182
2475,978.6,5,13187
2476,976.85,6,13193
1611,972.6500000000001,3,13196
509,971.25,5,13201
821,971.2499999999999,4,13205
2581,971.0,7,13212
2622,968.8,8,13220
899,965.8999999999999,3,13223
2407,963.9,2,13225
1288,961.75,6,13231
873,960.15,1,13232
2042,959.2,7,13239
2023,956.5500000000001,5,13244
1867,941.6,5,13249
1638,938.1,7,13256
2132,934.1999999999999,2,13258
898,933.75,4,13262
1899,930.6500000000001,4,13266
583,928.4499999999999,1,13267
1315,928.4499999999999,1,13268
678,922.4,4,13272
1039,915.45,5,13277
1934,913.9,5,13282
1839,912.3000000000001,8,13290
1923,908.25,1,13291
1075,907.9000000000001,5,13296
2232,905.4499999999999,5,13301
1339,902.1,4,13305
1068,897.75,2,13307
34,895.05,9,13316
1647,891.3,2,13318
1898,890.15,7,13325
698,886.05,3,13328
608,879.56,2,13330
646,873.2500000000001,8,13338
2111,868.75,4,13342
1910,868.55,1,13343
98,868.55,8,13351
345,868.0999999999999,9,13360
1257,865.1000000000001,3,13363
2081,859.0000000000001,4,13367
2580,854.6999999999999,1,13368
2190,852.6,6,13374
1670,849.15,3,13377
1885,847.95,4,13381
517,840.55,5,13386
381,838.6,3,13389
788,837.9,3,13392
2226,837.15,6,13398
1213,834.75,3,13401
864,830.7,4,13405
461,830.4,4,13409
2119,828.8,4,13413
1920,827.37,6,13419
1725,821.1999999999999,9,13428
1555,820.4499999999999,4,13432
1382,818.0999999999999,4,13436
1023,815.9,1,13437
1298,813.4499999999999,2,13439
2204,808.65,2,13441
1084,808.65,2,13443
528,804.3,4,13447
1956,800.3,3,13450
1978,799.0,4,13454
1101,799.0,2,13456
1289,789.45,7,13463
1687,788.65,2,13465
2221,783.9499999999999,6,13471
93,780.63,9,13480
2480,780.5999999999999,3,13483
1642,779.6099999999999,1,13484
171,779.35,4,13488
1131,779.2,4,13492
1590,778.7,2,13494
307,778.2,5,13499
1091,774.09,4,13503
1311,771.85,2,13505
425,767.25,3,13508
2712,759.0500000000001,2,13510
674,755.65,5,13515
2353,755.1000000000001,3,13518
863,752.55,1,13519
334,751.3499999999999,3,13522
547,748.75,8,13530
331,748.75,1,13531
1895,745.3499999999999,2,13533
1622,739.4000000000001,9,13542
1776,738.1500000000001,2,13544
1349,738.15,4,13548
1500,736.3,2,13550
1862,734.15,4,13554
1841,733.6999999999999,1,13555
2591,730.85,8,13563
2336,730.7,2,13565
1567,730.5,4,13569
204,726.5,7,13576
330,725.9,2,13578
2466,718.95,7,13585
2486,718.0,1,13586
2552,718.0,4,13590
1933,715.9,4,13594
2709,713.8499999999999,2,13596
1092,703.8000000000001,7,13603
832,701.8,3,13606
2277,700.65,2,13608
1977,700.65,1,13609
829,698.25,2,13611
1523,695.7,4,13615
882,688.85,1,13616
1564,688.65,3,13619
725,688.5,4,13623
1825,685.65,3,13626
2308,684.85,3,13629
480,683.95,5,13634
717,681.1,3,13637
2460,680.0999999999999,2,13639
2361,679.1500000000001,1,13640
1199,674.6999999999999,2,13642
20,667.95,5,13647
57,658.9,3,13650
2044,657.51,4,13654
2202,657.15,6,13660
1299,650.55,7,13667
1049,648.5500000000001,1,13668
2291,646.1999999999999,3,13671
974,646.1999999999999,1,13672
2648,639.4000000000001,2,13674
1824,639.2,1,13675
2372,636.0,2,13677
574,629.45,4,13681
1392,628.65,6,13687
1176,622.8,2,13689
807,622.55,3,13692
2345,608.55,4,13696
1163,606.1,2,13698
1849,606.1,3,13701
843,604.25,5,13706
1673,599.5,9,13715
1767,599.25,2,13717
1147,599.0,1,13718
1733,597.0,3,13721
2502,596.85,1,13722
516,592.35,2,13724
1819,590.6999999999999,3,13727
1684,590.15,1,13728
856,588.9,7,13735
1786,584.55,1,13736
662,583.83,3,13739
2168,582.75,4,13743
1435,581.95,8,13751
2740,578.55,1,13752
1851,578.55,2,13754
2459,573.95,9,13763
2463,573.6999999999999,7,13770
524,569.05,3,13773
188,567.4499999999999,10,13783
2766,564.75,7,13790
2395,564.25,3,13793
2715,563.8,7,13800
2751,560.9,6,13806
435,559.65,4,13810
2041,559.3000000000001,5,13815
1326,547.7600000000001,7,13822
1472,539.85,4,13826
2293,539.75,5,13831
758,539.4599999999999,8,13839
1334,539.1,4,13843
1621,538.65,3,13846
2657,538.5,1,13847
2588,534.6,4,13851
1034,533.25,2,13853
1566,533.0500000000001,3,13856
2725,527.65,4,13860
910,527.12,3,13863
2677,519.35,1,13864
1827,519.25,7,13871
2002,519.0,1,13872
852,518.0,1,13873
2329,514.8000000000001,6,13879
2326,504.9,4,13883
2052,501.65000000000003,2,13885
322,498.75,7,13892
1081,497.49999999999994,2,13894
122,494.45,4,13898
1916,493.65000000000003,4,13902
2351,491.25,5,13907
1921,481.24999999999994,3,13910
1667,479.99999999999994,2,13912
70,479.40000000000003,1,13913
1498,479.2,2,13915
957,479.2,3,13918
2477,479.2,3,13921
942,473.79999999999995,5,13926
2418,470.75,3,13929
1597,466.1,2,13931
2309,461.34999999999997,5,13936
866,458.84999999999997,4,13940
1201,457.79999999999995,4,13944
402,449.25,7,13951
729,439.45000000000005,2,13953
1345,439.37,3,13956
140,438.9,1,13957
2669,437.79999999999995,1,13958
767,436.05,5,13963
170,430.79999999999995,1,13964
2182,430.79999999999995,1,13965
1265,430.65,4,13969
58,426.84999999999997,5,13974
337,423.20000000000005,5,13979
1174,419.09999999999997,7,13986
1758,418.95,2,13988
2428,415.2,1,13989
2747,415.2,3,13992
515,412.84999999999997,5,13997
1366,409.28,2,13999
1941,408.52,7,14006
258,407.95,1,14007
1549,402.9,6,14013
2719,400.95,6,14019
2016,399.90000000000003,7,14026
2012,399.8,3,14029
914,399.6,2,14031
1364,399.0,3,14034
95,391.2,2,14036
648,389.55,6,14042
2642,388.5,2,14044
1616,386.95,5,14049
159,386.25,7,14056
1620,385.09999999999997,6,14062
1483,382.79999999999995,2,14064
2670,379.6,2,14066
2589,379.05,3,14069
232,366.84999999999997,5,14074
2416,365.25,5,14079
1185,363.33000000000004,3,14082
1569,359.55,1,14083
859,359.55,2,14085
2027,359.55,2,14087
1363,359.5,2,14089
571,359.4,2,14091
1372,359.4,1,14092
241,358.45,5,14097
611,358.0,4,14101
218,357.75,4,14105
551,353.25,7,14112
2024,348.85,3,14115
2732,348.25,3,14118
780,341.59999999999997,5,14123
1533,341.07,3,14126
1008,339.4,3,14129
1955,339.35,4,14133
195,337.34999999999997,2,14135
300,337.34999999999997,1,14136
1705,335.09999999999997,6,14142
2230,334.2,4,14146
1657,329.45,6,14152
5,327.15,5,14157
88,325.55,9,14166
1692,321.3,1,14167
15,319.8,3,14170
499,319.4,2,14172
2576,319.2,3,14175
820,319.2,1,14176
539,316.2,5,14181
1694,313.25,4,14185
2448,312.7,3,14188
1475,311.4,3,14191
912,310.79999999999995,3,14194
2247,308.45,4,14198
7,299.70000000000005,1,14199
1249,299.70000000000005,1,14200
936,299.5,2,14202
2108,287.55,4,14206
1026,287.33,3,14209
187,287.09999999999997,2,14211
209,285.5,7,14218
2422,279.55,5,14223
558,275.4,2,14225
2047,271.95,4,14229
1630,271.15,2,14231
1225,269.55,2,14233
817,269.25,1,14234
917,268.85,4,14238
744,267.75,1,14239
2468,262.4,4,14243
1831,259.34999999999997,2,14245
1284,255.85,2,14247
876,251.29999999999998,8,14255
1970,249.75,4,14259
740,249.75,3,14262
989,249.65,5,14267
3,249.65,6,14273
385,245.29999999999998,4,14277
201,243.24999999999997,3,14280
55,242.2,2,14282
2455,240.04999999999998,8,14290
1003,239.92,1,14291
2020,239.70000000000002,1,14292
71,239.6,3,14295
2333,239.6,3,14298
1465,239.6,1,14299
688,239.39999999999998,2,14301
157,239.14999999999998,7,14308
979,235.14999999999998,3,14311
1394,233.54999999999998,1,14312
1067,233.35,1,14313
2125,220.14999999999998,1,14314
870,219.45,2,14316
1542,215.39999999999998,2,14318
1415,209.79,1,14319
2775,209.35,2,14321
416,207.6,3,14324
1102,207.2,4,14328
1196,206.54999999999998,1,14329
2328,199.8,7,14336
930,199.8,3,14339
732,199.8,4,14343
275,199.75,2,14345
92,199.75,4,14349
1689,199.75,1,14350
1047,199.75,1,14351
2313,199.49999999999997,3,14354
523,199.0,4,14358
1112,199.0,1,14359
2323,198.75,4,14363
1536,197.45,1,14364
116,195.14999999999998,7,14371
699,191.39999999999998,3,14374
1354,181.65,6,14380
1371,180.6,5,14385
1618,179.85000000000002,1,14386
2140,179.85000000000002,5,14391
789,179.7,1,14392
1811,179.5,10,14402
373,179.1,1,14403
537,173.64999999999998,3,14406
1581,172.7,6,14412
2686,169.65,7,14419
1814,169.64999999999998,7,14426
1329,168.35,2,14428
1680,166.95000000000002,2,14430
420,165.74,7,14437
972,159.8,4,14441
506,159.8,1,14442
1907,159.6,3,14445
960,159.5,2,14447
1681,155.7,6,14453
102,155.7,1,14454
2469,155.7,1,14455
1307,155.7,2,14457
107,155.4,7,14464
686,155.39999999999998,3,14467
1037,151.7,7,14474
1130,149.75,3,14477
45,145.95000000000002,3,14480
2757,145.7,7,14487
998,143.54999999999998,1,14488
1727,142.45,3,14491
1424,137.64999999999998,3,14494
967,130.64999999999998,5,14499
2399,129.87,2,14501
2436,129.75,1,14502
2633,129.75,4,14506
2408,127.6,1,14507
1165,126.4,1,14508
40,126.4,1,14509
2074,125.64999999999999,3,14512
2479,123.6,3,14515
1615,119.85000000000001,9,14524
262,119.8,5,14529
1025,119.8,1,14530
700,119.8,3,14533
944,119.7,6,14539
837,119.69999999999999,3,14542
1563,119.69999999999999,2,14544
1018,119.69999999999999,5,14549
2055,116.55,2,14551
2653,111.65,2,14553
2225,109.8,7,14560
1930,109.64999999999999,3,14563
1229,103.8,3,14566
317,99.9,3,14569
2524,99.9,3,14572
360,99.9,3,14575
2363,99.9,3,14578
940,99.89,5,14583
1816,99.75,1,14584
1396,99.75,4,14588
2018,95.69999999999999,2,14590
343,95.69999999999999,3,14593
1204,95.69999999999999,6,14599
500,95.4,2,14601
721,91.6,6,14607
644,90.8,2,14609
2413,89.85,1,14610
448,89.85,3,14613
988,89.85,4,14617
1466,89.85,3,14620
2602,87.45,1,14621
2542,87.45,2,14623
2645,82.75,7,14630
2213,79.98,3,14633
808,79.8,4,14637
2494,79.8,3,14640
398,79.8,2,14642
383,79.8,1,14643
113,79.8,7,14650
2219,79.8,5,14655
72,79.75,1,14656
1245,77.85,3,14659
964,77.85,1,14660
1480,71.8,1,14661
2270,71.55,3,14664
1993,71.55,4,14668
1020,71.55,2,14670
2332,71.4,1,14671
1312,63.8,5,14676
2283,63.6,2,14678
1798,59.95,2,14680
1290,59.95,1,14681
1859,59.9,1,14682
925,59.849999999999994,2,14684
1042,59.849999999999994,4,14688
2244,59.849999999999994,4,14692
1272,59.849999999999994,1,14693
2688,59.699999999999996,3,14696
2435,55.65,1,14697
1259,53.849999999999994,2,14699
599,52.849999999999994,3,14702
391,51.9,3,14705
1696,51.9,2,14707
1332,51.9,4,14711
592,49.95,1,14712
1253,49.75,2,14714
1748,49.75,3,14717
1741,47.85,3,14720
1154,47.7,2,14722
1486,44.550000000000004,1,14723
783,39.96,1,14724
803,39.95,6,14730
1343,39.9,1,14731
2007,39.9,1,14732
908,39.9,1,14733
2587,39.8,6,14739
2437,39.75,3,14742
636,39.75,1,14743
2258,35.9,2,14745
672,29.99,5,14750
479,29.95,2,14752
2711,29.95,3,14755
1301,29.95,1,14756
1751,29.849999999999998,6,14762
1278,25.95,1,14763
1123,25.95,4,14767
2121,25.95,1,14768
295,25.9,3,14771
1220,22.95,3,14774
2156,22.95,2,14776
906,19.99,4,14780
1752,19.95,2,14782
2761,19.95,1,14783
1662,19.95,1,14784
1974,19.95,2,14786
578,17.95,1,14787
2172,17.95,3,14790
2767,15.95,1,14791
1497,14.850000000000001,3,14794
1976,12.95,3,14797
1889,12.95,5,14802
291,12.95,2,14804
1226,12.95,2,14806
1770,7.95,4,14810
2242,7.95,5,14815
2381,7.95,2,14817
468,3.95,5,14822
141,0.0,2,14824
1587,0.0,2,14826
534,0.0,1,14827
2406,0.0,1,14828
483,0.0,6,14834
561,0.0,2,14836
538,0.0,2,14838
2280,0.0,1,14839
124,0.0,2,14841
2496,0.0,2,14843
1842,0.0,2,14845
363,0.0,3,14848
1162,0.0,1,14849
607,0.0,2,14851
298,0.0,2,14853
2568,0.0,1,14854
126,0.0,3,14857
2337,0.0,2,14859
2043,0.0,1,14860
2105,0.0,2,14862
567,0.0,2,14864
