block_id,gain_per_block,n_products,product_cumsum
560,37400.3,8,8
1058,36468.950000000004,2,10
1580,34089.49999999999,8,18
315,33143.3,8,26
1850,33016.950000000004,1,27
1121,33003.9,10,37
487,32833.86,8,45
1143,32315.989999999998,10,55
442,32240.399999999998,10,65
851,29446.800000000003,10,75
812,29376.749999999996,8,83
1651,27715.7,7,90
21,27587.08,10,100
2145,27535.75,10,110
2574,27186.550000000003,10,120
1964,27128.609999999997,9,129
1438,26739.799999999996,9,138
1446,26703.799999999996,10,148
1403,25800.999999999996,10,158
726,25671.600000000002,10,168
388,25476.4,8,176
1283,25035.200000000004,9,185
1033,25007.95,9,194
418,24876.1,9,203
2625,24507.95,5,208
990,24386.7,9,217
2173,23332.3,6,223
216,23128.350000000002,7,230
2666,22750.0,10,240
2223,22618.45,10,250
1645,22577.550000000003,5,255
1441,22432.850000000002,8,263
2103,22351.7,9,272
530,22325.9,10,282
1747,22304.449999999997,10,292
879,22212.760000000002,7,299
2037,22045.25,4,303
1476,21817.509999999995,10,313
2000,21776.6,5,318
918,21691.95,9,327
2010,21611.45,6,333
1679,21555.65,4,337
1294,21531.35,8,345
670,21492.300000000003,4,349
2735,21457.75,10,359
846,21302.350000000002,8,367
2443,21267.9,6,373
1211,21251.850000000002,9,382
505,21044.649999999998,10,392
1212,20968.199999999997,9,401
387,20940.000000000004,8,409
1554,20932.1,10,419
256,20840.3,6,425
1879,20578.55,9,434
2087,20431.55,10,444
320,20394.8,10,454
1124,20382.2,9,463
2048,20373.800000000003,9,472
2671,20274.350000000002,8,480
773,20051.5,10,490
181,20033.85,8,498
2344,20025.5,10,508
301,20019.650000000005,8,516
439,19783.5,1,517
953,19772.25,8,525
2646,19706.2,8,533
333,19686.5,6,539
2128,19677.95,6,545
1860,19453.0,7,552
1706,19436.4,10,562
2488,19316.25,9,571
1412,19092.95,5,576
1551,18959.04,5,581
546,18838.65,9,590
1641,18833.65,2,592
1572,18816.300000000003,6,598
2706,18793.149999999998,10,608
2233,18621.9,8,616
1183,18158.300000000003,9,625
404,18097.350000000002,6,631
314,18018.11,10,641
1913,17986.500000000004,8,649
779,17929.780000000002,7,656
2742,17916.75,9,665
676,17798.0,6,671
409,17651.960000000003,9,680
1588,17582.75,6,686
2109,17577.750000000004,8,694
1589,17577.5,7,701
1115,17513.3,3,704
941,17363.41,10,714
2566,17362.9,6,720
361,17331.85,8,728
553,17299.5,8,736
1911,17203.9,4,740
1399,17198.199999999997,5,745
2220,17150.899999999998,5,750
2098,17148.4,10,760
1274,17129.100000000002,9,769
2195,17105.649999999998,9,778
108,17063.399999999998,7,785
1236,17015.7,9,794
1027,17013.469999999998,8,802
2207,17009.100000000002,10,812
2442,16997.050000000003,4,816
2700,16872.770000000004,6,822
1454,16845.95,6,828
1407,16831.699999999997,8,836
651,16807.45,9,845
183,16777.75,3,848
2004,16494.5,10,858
2243,16486.35,9,867
976,16432.050000000003,10,877
303,16228.4,7,884
1809,16125.85,9,893
2433,16015.409999999998,9,902
1367,15995.109999999999,10,912
1495,15984.65,10,922
2254,15949.9,4,926
1133,15906.7,6,932
65,15905.200000000003,5,937
1857,15830.849999999999,9,946
2446,15818.699999999999,6,952
2478,15759.919999999998,10,962
2410,15702.6,6,968
1393,15567.069999999998,10,978
1097,15562.35,9,987
498,15553.0,10,997
1348,15524.500000000002,6,1003
2163,15465.050000000001,9,1012
2644,15460.449999999999,10,1022
1463,15430.449999999999,10,1032
513,15424.25,7,1039
80,15370.35,8,1047
666,15350.65,8,1055
1632,15336.749999999998,8,1063
2123,15329.55,8,1071
1606,15256.57,10,1081
2734,15223.2,9,1090
522,15114.75,8,1098
1829,15108.650000000001,9,1107
1104,15025.05,3,1110
2306,15025.05,3,1113
549,14950.05,10,1123
1260,14939.600000000002,5,1128
1418,14915.349999999999,6,1134
1022,14904.6,7,1141
184,14901.850000000002,10,1151
2171,14862.2,4,1155
1240,14639.350000000002,8,1163
1385,14616.8,3,1166
1869,14597.699999999999,9,1175
2526,14509.35,10,1185
861,14444.5,4,1189
839,14429.8,7,1196
68,14386.150000000001,10,1206
1826,14237.899999999998,10,1216
2639,14154.640000000001,6,1222
1252,14142.25,6,1228
2417,14130.0,8,1236
2143,14080.550000000001,10,1246
511,14068.3,7,1253
137,14033.749999999998,8,1261
2264,14018.85,8,1269
2160,13931.950000000003,6,1275
1141,13886.899999999998,9,1284
1501,13870.300000000001,5,1289
606,13795.15,8,1297
2613,13745.849999999999,10,1307
795,13725.800000000001,5,1312
1105,13662.800000000001,5,1317
359,13573.5,10,1327
2423,13565.35,10,1337
1677,13457.85,9,1346
237,13444.5,9,1355
2240,13414.3,8,1363
2593,13394.9,7,1370
1835,13368.11,8,1378
2578,13360.600000000002,5,1383
840,13352.45,10,1393
1700,13335.75,3,1396
2356,13303.75,10,1406
2194,13299.65,6,1412
430,13288.800000000001,10,1422
2056,13265.4,3,1425
366,13198.949999999999,10,1435
428,13180.600000000002,9,1444
1005,13106.63,4,1448
355,13061.0,10,1458
2110,12988.849999999999,4,1462
1331,12947.35,10,1472
1188,12792.0,10,1482
110,12687.3,10,1492
867,12675.199999999999,7,1499
63,12656.45,7,1506
2515,12649.8,5,1511
2510,12617.149999999998,9,1520
1390,12578.849999999999,3,1523
1109,12567.19,10,1533
341,12536.35,8,1541
753,12529.05,3,1544
1671,12512.75,7,1551
714,12448.100000000002,7,1558
1940,12440.150000000001,9,1567
1521,12429.150000000001,8,1575
2555,12419.949999999999,8,1583
6,12391.82,8,1591
2680,12387.35,8,1599
562,12373.65,6,1605
716,12364.9,8,1613
1950,12316.9,10,1623
1954,12252.349999999999,8,1631
1409,12228.050000000003,7,1638
1546,12212.949999999999,6,1644
904,12174.099999999999,9,1653
2548,12166.8,5,1658
2745,12156.45,9,1667
2035,12116.3,9,1676
4,12108.609999999999,10,1686
82,12069.899999999998,10,1696
290,12054.25,10,1706
1845,12022.750000000002,3,1709
1148,12012.060000000001,4,1713
173,12006.699999999999,10,1723
2269,12004.250000000002,8,1731
1858,11990.550000000001,7,1738
2276,11979.4,8,1746
2390,11867.75,7,1753
1794,11867.71,10,1763
2068,11837.949999999999,3,1766
1070,11772.0,9,1775
1,11767.9,7,1782
1221,11763.85,9,1791
932,11751.0,9,1800
1000,11750.0,5,1805
962,11736.8,10,1815
2632,11689.45,9,1824
507,11646.399999999998,5,1829
741,11625.6,2,1831
231,11560.650000000001,3,1834
2208,11556.85,5,1839
1318,11552.100000000002,10,1849
1352,11513.699999999999,8,1857
1691,11500.15,10,1867
369,11493.98,10,1877
913,11461.150000000001,4,1881
806,11454.300000000001,6,1887
490,11446.800000000001,7,1894
790,11440.199999999999,6,1900
1765,11372.210000000001,9,1909
677,11362.449999999999,7,1916
2699,11313.150000000001,10,1926
933,11301.3,9,1935
2290,11300.6,10,1945
1427,11292.000000000002,10,1955
504,11248.349999999999,8,1963
2439,11214.949999999997,8,1971
2303,11211.6,10,1981
424,11135.6,5,1986
1695,11102.6,4,1990
1888,11078.05,8,1998
1069,11076.65,4,2002
1479,11076.6,9,2011
2316,11074.95,10,2021
995,11069.8,4,2025
362,11063.999999999998,8,2033
1678,11055.6,8,2041
2176,11054.699999999999,10,2051
344,11038.999999999998,8,2059
1905,11033.7,5,2064
569,11022.449999999999,10,2074
2137,10963.45,8,2082
1361,10962.700000000003,8,2090
2347,10962.55,9,2099
2610,10931.9,10,2109
2506,10928.650000000001,10,2119
2571,10925.25,10,2129
1471,10902.949999999999,8,2137
2608,10900.65,8,2145
294,10880.75,7,2152
2312,10850.75,8,2160
27,10832.1,8,2168
144,10813.3,2,2170
105,10807.550000000001,7,2177
1273,10788.85,8,2185
261,10779.3,8,2193
1083,10770.800000000001,9,2202
1247,10752.699999999999,9,2211
1166,10748.2,5,2216
532,10740.570000000002,8,2224
1874,10727.0,9,2233
1875,10691.7,3,2236
25,10682.59,8,2244
2604,10665.25,6,2250
963,10625.000000000002,8,2258
2582,10615.25,8,2266
374,10604.7,5,2271
2354,10585.7,7,2278
1425,10489.35,7,2285
1652,10483.65,5,2290
1918,10475.400000000001,10,2300
2387,10474.599999999999,10,2310
938,10461.500000000002,7,2317
2159,10453.3,5,2322
501,10442.8,10,2332
165,10434.5,2,2334
0,10396.449999999999,7,2341
1577,10396.32,8,2349
1709,10392.95,9,2358
520,10371.699999999999,8,2366
9,10352.5,6,2372
1958,10347.25,4,2376
919,10345.22,10,2386
872,10342.800000000001,9,2395
2133,10333.050000000001,8,2403
1971,10324.65,9,2412
478,10299.55,10,2422
1280,10272.149999999998,10,2432
1847,10270.45,7,2439
2746,10269.150000000001,10,2449
1522,10260.050000000001,9,2458
417,10248.099999999999,7,2465
1735,10233.949999999999,10,2475
2575,10227.949999999999,5,2480
1719,10174.6,7,2487
1854,10165.650000000001,6,2493
66,10143.6,8,2501
1251,10123.25,5,2506
1080,10107.25,4,2510
1041,10106.7,8,2518
1822,10102.750000000002,8,2526
581,10094.05,9,2535
1248,10080.0,9,2544
436,10065.05,6,2550
2319,10052.9,10,2560
2252,10020.85,9,2569
822,10018.8,9,2578
2374,10016.25,10,2588
1353,9987.3,6,2594
302,9986.35,9,2603
2673,9985.4,3,2606
1631,9969.949999999999,7,2613
2525,9969.35,9,2622
477,9968.85,9,2631
1474,9968.800000000001,7,2638
293,9957.1,6,2644
847,9954.3,7,2651
1237,9946.3,4,2655
2094,9922.299999999997,9,2664
358,9879.04,7,2671
984,9872.299999999997,10,2681
1268,9870.699999999999,9,2690
937,9829.650000000001,4,2694
2600,9824.05,7,2701
2058,9783.099999999999,8,2709
2771,9771.15,7,2716
1489,9766.599999999999,7,2723
1601,9724.33,10,2733
554,9722.85,10,2743
2676,9695.9,7,2750
1973,9663.3,9,2759
2764,9661.0,4,2763
1103,9650.300000000001,8,2771
24,9639.749999999998,8,2779
661,9631.2,5,2784
2748,9569.1,7,2791
982,9560.8,7,2798
1738,9557.8,7,2805
1292,9512.15,8,2813
2189,9505.3,5,2818
1007,9484.850000000002,6,2824
1054,9479.63,10,2834
1784,9470.7,8,2842
814,9441.350000000002,8,2850
2320,9430.15,5,2855
2616,9418.88,5,2860
1750,9407.15,8,2868
1303,9396.050000000001,9,2877
519,9374.349999999999,3,2880
1207,9370.9,3,2883
162,9363.25,9,2892
1575,9355.810000000001,10,2902
584,9349.95,6,2908
1408,9345.9,8,2916
2364,9342.15,7,2923
1509,9340.400000000001,10,2933
2595,9328.45,9,2942
730,9327.990000000002,9,2951
192,9316.85,7,2958
2705,9293.25,8,2966
535,9286.949999999999,8,2974
1593,9275.25,5,2979
2621,9271.55,9,2988
2628,9266.0,7,2995
1187,9239.019999999999,9,3004
30,9202.2,5,3009
1840,9195.43,9,3018
1410,9189.2,9,3027
1887,9184.8,6,3033
1756,9179.859999999999,6,3039
669,9156.050000000001,6,3045
1729,9153.95,7,3052
2394,9150.849999999999,7,3059
1100,9115.4,6,3065
1469,9050.4,9,3074
2268,9018.699999999999,10,3084
1880,9013.35,7,3091
2611,9007.65,10,3101
1967,9005.25,5,3106
2331,9001.55,7,3113
799,8992.5,2,3115
1356,8989.85,9,3124
1666,8989.050000000001,10,3134
1277,8977.2,10,3144
431,8957.7,7,3151
1771,8935.15,8,3159
935,8932.7,3,3162
2533,8907.9,10,3172
145,8899.050000000001,10,3182
2188,8897.5,9,3191
1932,8892.8,9,3200
453,8891.7,9,3209
2522,8875.749999999998,9,3218
956,8874.05,9,3227
419,8846.849999999999,9,3236
1882,8841.699999999999,4,3240
728,8837.150000000001,5,3245
885,8832.75,10,3255
1724,8832.650000000001,9,3264
959,8813.75,8,3272
2005,8801.550000000001,6,3278
572,8788.75,10,3288
2391,8779.3,4,3292
1186,8774.7,10,3302
617,8766.699999999999,5,3307
328,8762.8,10,3317
123,8742.7,9,3326
482,8735.3,6,3332
582,8729.699999999999,4,3336
658,8728.7,10,3346
1625,8716.0,9,3355
1492,8715.95,9,3364
2527,8708.02,9,3373
1830,8697.5,10,3383
1685,8683.599999999999,8,3391
897,8677.750000000002,3,3394
1728,8673.45,10,3404
2206,8667.3,4,3408
576,8658.3,2,3410
91,8648.75,10,3420
2183,8614.35,9,3429
2077,8600.550000000001,9,3438
1214,8593.0,5,3443
226,8588.9,7,3450
2341,8578.45,10,3460
1404,8543.16,8,3468
2246,8539.75,7,3475
467,8524.600000000002,8,3483
813,8497.95,10,3493
993,8489.0,5,3498
1524,8487.500000000002,8,3506
119,8483.95,9,3515
1218,8482.8,10,3525
2511,8482.399999999998,9,3534
185,8472.4,7,3541
1389,8446.1,7,3548
444,8423.0,10,3558
2615,8404.099999999999,7,3565
384,8395.199999999999,7,3572
17,8386.75,7,3579
74,8365.9,7,3586
2180,8355.9,4,3590
755,8355.65,5,3595
2196,8352.35,7,3602
2102,8346.2,9,3611
2557,8338.550000000001,3,3614
1422,8325.750000000002,8,3622
2452,8306.05,8,3630
1444,8301.56,10,3640
39,8294.650000000001,8,3648
1903,8270.5,8,3656
671,8256.75,10,3666
248,8251.65,10,3676
311,8232.050000000001,4,3680
1473,8227.15,6,3686
1048,8224.25,7,3693
1036,8223.25,1,3694
544,8223.15,3,3697
44,8200.740000000002,5,3702
1561,8189.25,5,3707
786,8187.650000000001,9,3716
2598,8182.6,4,3720
2026,8163.249999999999,7,3727
1314,8157.65,7,3734
1177,8148.2,8,3742
2359,8146.4,1,3743
1636,8145.049999999999,7,3750
118,8139.400000000001,3,3753
1856,8138.0,8,3761
1369,8111.15,7,3768
2019,8089.8,9,3777
1893,8078.15,3,3780
1125,8061.75,3,3783
1863,8056.900000000001,10,3793
2665,8048.250000000001,10,3803
194,8041.25,10,3813
2649,8030.15,6,3819
590,8012.099999999999,3,3822
408,8007.65,7,3829
2503,7983.500000000001,4,3833
2695,7981.1,8,3841
1437,7977.5,8,3849
612,7964.3499999999985,8,3857
616,7956.299999999999,6,3863
1539,7954.75,10,3873
380,7950.35,7,3880
2,7938.0,7,3887
1714,7931.0,10,3897
36,7926.45,9,3906
2456,7924.85,5,3911
1759,7912.349999999999,10,3921
2157,7910.1,2,3923
129,7907.099999999999,7,3930
60,7898.749999999998,9,3939
784,7889.65,6,3945
239,7888.099999999999,5,3950
32,7876.85,7,3957
1487,7870.539999999999,9,3966
2300,7855.25,10,3976
2667,7842.9,6,3982
1710,7840.3,10,3992
708,7835.839999999999,10,4002
1737,7821.459999999999,7,4009
410,7816.55,9,4018
2115,7814.3,10,4028
242,7814.299999999999,8,4036
1507,7812.200000000001,10,4046
1527,7812.099999999999,9,4055
2543,7739.25,9,4064
992,7737.49,7,4071
1718,7729.05,4,4075
952,7721.3,6,4081
1935,7712.300000000001,10,4091
927,7702.9,4,4095
111,7701.899999999999,5,4100
766,7687.849999999999,6,4106
84,7687.5,8,4114
42,7667.1500000000015,6,4120
2008,7664.3,5,4125
1683,7663.15,10,4135
473,7645.6,4,4139
1043,7637.2,8,4147
2009,7632.6,10,4157
950,7630.349999999999,4,4161
2660,7626.100000000001,7,4168
1917,7619.05,9,4177
1347,7607.6,10,4187
1697,7604.35,9,4196
1813,7592.3,8,4204
432,7572.45,8,4212
23,7564.25,9,4221
580,7527.599999999999,5,4226
2193,7507.450000000001,6,4232
433,7485.400000000001,5,4237
1447,7477.6,1,4238
2753,7448.400000000001,9,4247
1050,7446.389999999999,9,4256
2015,7431.2,5,4261
2661,7430.099999999999,8,4269
457,7381.599999999999,9,4278
1761,7380.949999999999,3,4281
299,7370.999999999999,10,4291
1198,7352.65,9,4300
1981,7346.249999999999,6,4306
966,7336.749999999999,8,4314
2187,7333.0,10,4324
115,7332.35,8,4332
1803,7325.91,2,4334
2038,7318.6,7,4341
978,7316.950000000001,10,4351
756,7297.8,8,4359
1179,7297.65,4,4363
983,7278.150000000001,10,4373
631,7276.15,7,4380
570,7268.170000000001,8,4388
2082,7266.950000000001,9,4397
1686,7265.2,10,4407
2046,7250.6,5,4412
1744,7241.41,6,4418
1309,7240.349999999999,10,4428
2377,7219.75,7,4435
2033,7216.55,7,4442
533,7210.8,6,4448
2398,7197.3,2,4450
2278,7189.63,7,4457
1732,7189.4,7,4464
702,7188.25,5,4469
459,7184.75,8,4477
2722,7153.35,9,4486
1223,7150.6,3,4489
1994,7141.45,10,4499
426,7118.45,4,4503
637,7117.7,9,4512
1255,7114.9,8,4520
792,7105.450000000001,10,4530
655,7104.200000000001,7,4537
1582,7103.4,8,4545
1511,7102.95,5,4550
1797,7091.249999999999,7,4557
151,7079.75,9,4566
1834,7039.22,10,4576
1526,7022.7,2,4578
1810,7018.0,9,4587
16,7008.299999999999,6,4593
2482,7008.049999999999,10,4603
736,7002.65,9,4612
2117,6996.250000000001,10,4622
1275,6991.099999999999,8,4630
1884,6984.149999999999,8,4638
711,6965.749999999999,8,4646
313,6960.879999999999,8,4654
1370,6957.0,3,4657
2310,6952.7,5,4662
77,6945.849999999999,5,4667
1749,6945.799999999999,6,4673
371,6945.6,8,4681
1586,6943.499999999999,9,4690
1338,6919.950000000001,9,4699
1261,6918.339999999999,10,4709
1579,6858.9,6,4715
489,6837.1,5,4720
1153,6830.55,6,4726
296,6822.719999999999,6,4732
2318,6822.599999999999,4,4736
638,6820.849999999999,6,4742
1989,6816.449999999999,7,4749
2155,6813.349999999999,9,4758
2039,6801.8,9,4767
393,6798.9,2,4769
1266,6786.699999999999,8,4777
841,6770.1,10,4787
848,6753.9,9,4796
1192,6753.050000000001,8,4804
83,6748.9,7,4811
2420,6745.549999999999,10,4821
2305,6736.95,5,4826
2065,6727.3,4,4830
2032,6726.05,8,4838
260,6718.249999999999,9,4847
1513,6707.349999999999,10,4857
2078,6699.75,6,4863
1731,6697.45,10,4873
1391,6683.199999999999,10,4883
1836,6680.200000000001,5,4888
1717,6675.45,10,4898
1668,6671.9,5,4903
1804,6671.099999999999,9,4912
8,6656.3,1,4913
1344,6655.249999999999,9,4922
1180,6643.2,1,4923
1132,6634.750000000001,10,4933
411,6627.75,4,4937
2136,6626.249999999999,7,4944
2334,6617.049999999999,9,4953
1712,6602.45,7,4960
1939,6601.879999999999,10,4970
1467,6599.499999999999,5,4975
2743,6591.950000000001,10,4985
390,6573.56,3,4988
191,6572.76,6,4994
2302,6569.299999999999,7,5001
757,6566.9,7,5008
1250,6563.629999999999,4,5012
1051,6558.450000000001,10,5022
2130,6536.75,3,5025
1754,6508.799999999999,10,5035
1079,6473.4,5,5040
705,6469.75,10,5050
2523,6469.15,10,5060
1946,6445.349999999999,2,5062
174,6429.349999999999,8,5070
2335,6410.67,2,5072
2396,6404.199999999999,10,5082
2131,6403.45,7,5089
2148,6375.549999999999,8,5097
186,6368.75,4,5101
2514,6364.4,7,5108
267,6357.82,8,5116
2733,6357.4,8,5124
2282,6346.05,6,5130
1560,6343.099999999999,10,5140
2059,6339.889999999999,10,5150
350,6338.95,4,5154
56,6338.849999999999,6,5160
831,6337.8,4,5164
830,6312.299999999999,2,5166
568,6310.199999999999,3,5169
875,6307.599999999998,8,5177
1980,6295.5,2,5179
770,6290.9,3,5182
2405,6289.099999999999,10,5192
2592,6281.049999999999,10,5202
1059,6278.1,8,5210
968,6259.9,9,5219
309,6255.6,6,5225
1127,6250.8,6,5231
1205,6225.85,8,5239
627,6223.85,9,5248
2235,6218.25,2,5250
1256,6208.8,7,5257
1929,6207.099999999999,8,5265
2066,6202.45,5,5270
2583,6201.249999999999,10,5280
1235,6193.7,10,5290
1460,6188.099999999999,8,5298
2261,6183.05,9,5307
798,6172.91,6,5313
2118,6172.0999999999985,7,5320
2708,6169.45,9,5329
595,6164.9,10,5339
1189,6141.150000000001,4,5343
2281,6139.55,9,5352
802,6138.450000000001,4,5356
2760,6134.74,9,5365
379,6114.349999999999,7,5372
1442,6113.349999999999,6,5378
1558,6111.050000000001,8,5386
190,6098.9,10,5396
2481,6090.349999999999,5,5401
1002,6078.45,7,5408
2389,6077.05,8,5416
2400,6073.299999999999,8,5424
2758,6066.599999999999,2,5426
1783,6057.650000000001,9,5435
893,6049.9,2,5437
2120,6039.95,9,5446
2106,6035.050000000001,8,5454
1458,6024.150000000001,6,5460
1815,6013.45,8,5468
1768,5999.35,6,5474
1629,5996.55,10,5484
2556,5985.0,4,5488
1477,5970.249999999999,10,5498
2339,5969.54,10,5508
1892,5967.86,6,5514
2444,5960.05,2,5516
1270,5950.65,6,5522
2763,5945.5,5,5527
2224,5936.849999999999,7,5534
1116,5923.15,10,5544
2070,5915.46,8,5552
1378,5907.0,8,5560
1099,5897.650000000001,8,5568
1614,5890.910000000001,9,5577
491,5887.75,3,5580
2594,5884.8,4,5584
1578,5881.349999999999,5,5589
14,5877.9,4,5593
1157,5873.049999999999,7,5600
276,5869.15,7,5607
338,5864.7,9,5616
632,5861.7,7,5623
991,5846.149999999999,7,5630
1600,5831.2699999999995,10,5640
347,5830.299999999999,9,5649
1965,5829.349999999999,9,5658
1573,5826.629999999999,9,5667
497,5821.05,6,5673
1468,5802.849999999999,9,5682
1514,5797.629999999999,9,5691
2601,5793.299999999999,8,5699
1423,5786.600000000001,6,5705
223,5772.2,4,5709
1258,5772.199999999999,6,5715
1217,5757.099999999999,4,5719
1870,5745.599999999999,2,5721
2304,5744.25,3,5724
969,5738.610000000001,8,5732
1538,5724.8099999999995,3,5735
2739,5723.650000000001,3,5738
928,5721.55,5,5743
2122,5719.0,6,5749
2340,5714.6,10,5759
1591,5713.200000000001,5,5764
1534,5711.150000000001,10,5774
2464,5705.049999999999,8,5782
1790,5699.789999999999,7,5789
2108,5692.6,4,5793
399,5671.85,4,5797
2697,5670.9,6,5803
2701,5666.05,9,5812
2273,5648.550000000001,10,5822
19,5637.549999999999,9,5831
777,5636.549999999999,6,5837
246,5632.599999999999,8,5845
1730,5631.0199999999995,7,5852
2590,5629.85,5,5857
1902,5614.45,9,5866
2519,5611.700000000001,5,5871
1222,5608.3499999999985,9,5880
853,5604.6,5,5885
1619,5602.799999999999,5,5890
2088,5591.2,9,5899
1547,5589.099999999999,10,5909
292,5583.900000000001,7,5916
2370,5582.4,9,5925
943,5574.0,3,5928
253,5573.0,8,5936
69,5570.9,5,5941
2382,5570.7,4,5945
2756,5547.349999999999,6,5951
2541,5546.7,3,5954
1108,5533.450000000001,8,5962
2236,5533.400000000001,4,5966
2321,5527.25,5,5971
1227,5520.75,7,5978
1293,5512.55,9,5987
474,5497.25,1,5988
1653,5492.500000000001,6,5994
1562,5490.049999999999,7,6001
1182,5481.7,4,6005
1319,5474.500000000001,4,6009
1808,5454.2,10,6019
1017,5442.5599999999995,6,6025
2772,5440.55,4,6029
1032,5425.65,10,6039
809,5422.949999999999,8,6047
594,5403.99,8,6055
2061,5402.2,6,6061
965,5399.2,6,6067
828,5388.700000000001,4,6071
2289,5388.049999999998,10,6081
643,5384.95,8,6089
2134,5377.3,9,6098
681,5357.839999999999,4,6102
139,5356.950000000001,10,6112
405,5351.25,5,6117
1421,5345.650000000001,3,6120
2365,5344.4400000000005,9,6129
447,5340.900000000001,7,6136
263,5339.05,7,6143
1308,5332.550000000001,4,6147
397,5332.110000000001,8,6155
2489,5331.4,5,6160
1164,5325.85,8,6168
26,5324.4,4,6172
774,5320.3,5,6177
2538,5293.7,6,6183
1988,5282.25,6,6189
683,5271.2,4,6193
2178,5268.2,9,6202
1434,5258.3,7,6209
2754,5247.349999999999,8,6217
657,5244.950000000001,6,6223
823,5243.37,8,6231
2184,5238.800000000001,8,6239
1094,5236.25,5,6244
2014,5231.6,8,6252
1736,5227.750000000001,4,6256
277,5226.2,5,6261
642,5221.049999999999,9,6270
1520,5216.94,3,6273
249,5212.55,5,6278
2691,5208.849999999999,6,6284
2773,5205.349999999999,9,6293
1661,5204.9800000000005,9,6302
878,5197.89,7,6309
680,5191.299999999999,4,6313
2257,5191.25,10,6323
1413,5184.849999999999,10,6333
1071,5183.25,6,6339
2636,5182.8,9,6348
1357,5174.700000000001,8,6356
2759,5131.65,6,6362
649,5130.650000000001,10,6372
1053,5124.12,6,6378
2717,5120.6,6,6384
1646,5111.9,6,6390
2518,5110.45,7,6397
1791,5094.9,6,6403
2284,5079.25,6,6409
640,5078.8099999999995,9,6418
2362,5076.4,2,6420
1228,5075.4,9,6429
1490,5074.4,7,6436
871,5070.950000000001,5,6441
1800,5062.950000000001,5,6446
1194,5059.75,3,6449
2762,5059.75,6,6455
2429,5049.75,6,6461
1149,5049.6,9,6470
2181,5048.999999999999,4,6474
585,5035.5,2,6476
2569,5025.69,4,6480
1699,5020.65,6,6486
148,5018.700000000001,8,6494
2263,5018.650000000001,5,6499
858,5015.999999999999,6,6505
1746,5013.849999999999,9,6514
2678,5011.2,10,6524
664,5007.5,7,6531
2029,5004.3,3,6534
2419,4988.800000000001,9,6543
2013,4978.799999999999,7,6550
268,4971.389999999999,9,6559
1623,4970.349999999999,4,6563
1453,4970.15,8,6571
1456,4960.5,4,6575
892,4959.0,5,6580
1897,4956.26,3,6583
1948,4955.0,10,6593
2500,4951.299999999999,5,6598
1508,4945.45,3,6601
2210,4945.05,3,6604
1626,4923.0,3,6607
2314,4913.299999999999,7,6614
1155,4913.150000000001,10,6624
1583,4912.95,9,6633
198,4909.55,10,6643
970,4907.649999999999,7,6650
1062,4906.4,7,6657
652,4900.3,6,6663
815,4893.23,6,6669
2749,4892.2,6,6675
217,4890.9,5,6680
403,4888.95,5,6685
103,4874.449999999999,9,6694
322,4872.950000000001,7,6701
2498,4870.7,2,6703
752,4862.8,7,6710
2084,4856.45,4,6714
1078,4856.33,5,6719
1432,4840.1,7,6726
2432,4837.050000000001,9,6735
38,4834.5,5,6740
1648,4820.049999999999,3,6743
1635,4809.060000000001,8,6751
810,4807.299999999999,9,6760
2006,4794.049999999999,6,6766
2656,4790.5,9,6775
1927,4789.95,4,6779
2253,4778.150000000001,7,6786
167,4774.7,1,6787
1209,4762.05,1,6788
169,4758.4,9,6797
1894,4753.05,5,6802
778,4747.9,3,6805
2606,4739.2,4,6809
619,4709.2,7,6816
2483,4706.05,4,6820
849,4703.11,10,6830
310,4697.25,10,6840
2114,4679.14,8,6848
357,4676.75,9,6857
2072,4657.15,3,6860
2215,4655.1,7,6867
2668,4645.610000000001,9,6876
117,4644.259999999999,8,6884
2544,4637.500000000001,8,6892
656,4628.759999999999,10,6902
811,4624.85,5,6907
1983,4621.2,4,6911
2607,4602.949999999999,5,6916
2674,4597.099999999999,4,6920
765,4595.85,7,6927
1383,4595.1,8,6935
1763,4594.4,5,6940
146,4591.099999999999,9,6949
845,4590.37,9,6958
496,4580.419999999999,9,6967
1604,4575.099999999999,2,6969
626,4569.6900000000005,9,6978
761,4569.499999999999,9,6987
2736,4563.75,5,6992
2630,4562.55,9,7001
2367,4561.95,5,7006
456,4560.400000000001,6,7012
2299,4556.549999999999,4,7016
2327,4554.7,8,7024
168,4549.05,4,7028
510,4545.600000000001,9,7037
2597,4528.9,9,7046
1128,4527.249999999999,7,7053
2623,4525.0,10,7063
2297,4524.45,5,7068
131,4517.749999999999,8,7076
2614,4517.3,10,7086
1617,4515.3,3,7089
1135,4515.3,3,7092
2618,4511.999999999999,4,7096
2495,4510.8,8,7104
1516,4505.1,8,7112
1264,4500.299999999999,5,7117
975,4495.65,7,7124
147,4492.25,4,7128
2558,4479.45,7,7135
1481,4477.0,10,7145
1942,4474.7,10,7155
2147,4465.9,8,7163
724,4462.950000000001,9,7172
794,4450.7,5,7177
240,4448.349999999999,7,7184
2301,4447.65,2,7186
854,4440.090000000001,9,7195
1926,4431.15,6,7201
2449,4424.849999999999,6,7207
150,4420.099999999999,4,7211
1072,4414.450000000001,9,7220
1912,4411.299999999999,8,7228
484,4410.65,7,7235
163,4403.749999999999,6,7241
996,4399.750000000001,6,7247
2517,4384.95,7,7254
2045,4383.8,6,7260
860,4379.549999999999,3,7263
2307,4377.1,8,7271
2376,4377.04,4,7275
2462,4371.849999999999,4,7279
2164,4367.75,10,7289
1650,4365.9,4,7293
2702,4364.700000000001,8,7301
1544,4361.82,10,7311
2067,4360.099999999999,5,7316
1440,4358.15,10,7326
401,4354.55,1,7327
372,4347.0,5,7332
1055,4346.429999999999,8,7340
96,4333.65,1,7341
1193,4330.75,2,7343
2704,4321.0,2,7345
737,4320.3,10,7355
2217,4314.700000000001,5,7360
675,4312.8,3,7363
2770,4307.8,4,7367
1969,4307.7,4,7371
834,4302.6,8,7379
2228,4297.35,6,7385
763,4296.990000000001,9,7394
259,4281.049999999999,8,7402
1682,4272.539999999999,8,7410
2076,4268.549999999999,1,7411
1085,4266.09,5,7416
1262,4265.25,8,7424
629,4264.85,10,7434
1118,4263.65,9,7443
1550,4251.299999999999,4,7447
1792,4249.95,6,7453
2539,4238.25,9,7462
909,4236.200000000001,5,7467
719,4234.7,5,7472
2260,4220.0,9,7481
1953,4219.949999999999,6,7487
1708,4191.15,8,7495
2152,4186.349999999999,5,7500
1825,4182.9,3,7503
1046,4177.95,2,7505
1789,4157.43,4,7509
2693,4157.15,10,7519
543,4153.95,2,7521
22,4152.45,9,7530
2250,4146.200000000001,8,7538
994,4138.45,5,7543
1246,4131.55,5,7548
2458,4129.65,2,7550
2355,4126.150000000001,3,7553
43,4121.0,9,7562
2561,4119.75,6,7568
1886,4113.849999999999,7,7575
1484,4110.8,6,7581
2296,4094.7999999999997,9,7590
525,4091.68,6,7596
1012,4091.35,3,7599
1698,4089.2499999999995,9,7608
1656,4086.1,7,7615
1169,4081.4,5,7620
2505,4075.15,3,7623
1431,4074.15,5,7628
2728,4073.8,10,7638
1543,4069.3500000000004,8,7646
470,4068.1499999999996,6,7652
50,4061.979999999999,10,7662
733,4059.6499999999996,6,7668
1297,4049.0499999999997,7,7675
2175,4042.3999999999996,8,7683
827,4037.3199999999997,9,7692
389,4036.25,10,7702
2741,4028.2999999999997,9,7711
339,4026.2999999999997,4,7715
621,4024.2499999999995,2,7717
1175,4023.6000000000004,10,7727
18,4014.1000000000004,5,7732
28,4009.7999999999997,8,7740
2286,4009.0499999999997,5,7745
1576,4008.7,7,7752
1302,4002.35,10,7762
514,3996.4000000000005,4,7766
1627,3992.4,4,7770
1494,3992.0,10,7780
2626,3985.6,9,7789
1959,3984.3699999999994,2,7791
2265,3983.0,8,7799
951,3981.6499999999996,8,7807
2231,3981.0,7,7814
542,3979.7,8,7822
1807,3966.4500000000003,9,7831
1254,3962.8799999999997,8,7839
1010,3953.4,2,7841
243,3951.9000000000005,6,7847
2216,3942.9,8,7855
793,3933.45,6,7861
1778,3933.3500000000004,8,7869
1021,3927.6499999999996,10,7879
367,3925.9,5,7884
1417,3924.6999999999994,5,7889
772,3922.0499999999997,5,7894
1362,3919.6499999999996,9,7903
1137,3916.7000000000003,9,7912
1914,3914.0499999999997,7,7919
620,3907.9000000000005,5,7924
589,3903.7,9,7933
52,3893.4,5,7938
526,3893.15,6,7944
1448,3882.5499999999997,9,7953
1853,3880.0099999999998,5,7958
697,3874.5499999999997,8,7966
304,3874.1,10,7976
2685,3874.0,1,7977
1126,3866.5499999999997,1,7978
1823,3852.3499999999995,10,7988
1351,3851.25,10,7998
288,3851.05,8,8006
394,3845.6999999999994,9,8015
1945,3841.9499999999994,7,8022
2113,3840.2,9,8031
2330,3829.2999999999997,3,8034
1742,3828.2499999999995,7,8041
386,3821.9999999999995,6,8047
715,3806.84,8,8055
1337,3806.5500000000006,5,8060
1571,3801.7,10,8070
207,3790.05,10,8080
650,3789.2999999999997,4,8084
653,3788.7,5,8089
89,3784.85,7,8096
1295,3778.35,7,8103
1405,3775.2999999999997,9,8112
1215,3774.6600000000003,8,8120
624,3770.25,9,8129
684,3769.1,9,8138
1173,3768.1,7,8145
2689,3764.2,4,8149
2062,3764.15,10,8159
2097,3763.8999999999996,7,8166
2200,3763.7499999999995,5,8171
819,3761.1,1,8172
1386,3753.3,10,8182
575,3753.2000000000003,6,8188
1755,3749.05,10,8198
158,3748.25,3,8201
502,3747.6499999999996,10,8211
2054,3746.23,7,8218
796,3733.9500000000003,6,8224
2713,3729.6,1,8225
273,3729.4999999999995,7,8232
245,3728.93,6,8238
1073,3728.9,10,8248
2222,3728.16,5,8253
971,3718.0,4,8257
1064,3714.8,6,8263
100,3706.3999999999996,8,8271
286,3693.85,2,8273
1377,3683.8,9,8282
939,3683.7500000000005,8,8290
593,3682.1,8,8298
800,3680.5999999999995,7,8305
869,3680.0,5,8310
2440,3678.8999999999996,4,8314
801,3677.95,3,8317
2652,3662.19,4,8321
2211,3655.85,3,8324
1191,3655.75,4,8328
2378,3655.05,8,8336
1167,3653.7999999999997,3,8339
427,3651.7999999999997,3,8342
916,3649.0499999999997,1,8343
2650,3646.7299999999996,7,8350
2412,3645.1999999999994,9,8359
305,3644.5000000000005,9,8368
161,3635.4500000000003,1,8369
2647,3629.65,10,8379
324,3623.95,5,8384
1515,3621.9,4,8388
1379,3619.2,5,8393
701,3611.85,7,8400
615,3611.4000000000005,5,8405
1341,3609.9,5,8410
1001,3608.9500000000003,9,8419
1599,3607.0499999999997,1,8420
1430,3606.05,7,8427
2028,3601.23,9,8436
2064,3596.8999999999996,6,8442
1506,3596.4,1,8443
781,3596.4,3,8446
235,3593.999999999999,9,8455
890,3592.5999999999995,7,8462
1883,3590.6499999999996,10,8472
2629,3581.4,4,8476
1603,3581.1,6,8482
679,3579.4,7,8489
2386,3577.1899999999996,10,8499
1525,3576.5499999999997,5,8504
451,3573.4999999999995,6,8510
1296,3567.75,6,8516
1820,3566.1,8,8524
660,3559.8499999999995,10,8534
461,3555.15,4,8538
609,3552.7000000000003,6,8544
2388,3551.0000000000005,9,8553
2245,3548.3999999999996,6,8559
1780,3547.2999999999997,5,8564
1061,3535.15,6,8570
2679,3534.99,5,8575
1279,3530.7,6,8581
2577,3521.25,5,8586
81,3518.25,10,8596
2731,3517.35,4,8600
2683,3517.1,7,8607
1584,3516.2000000000003,9,8616
1011,3504.7999999999997,8,8624
2643,3504.5999999999995,6,8630
1136,3502.8999999999996,5,8635
886,3502.45,7,8642
1082,3501.5,9,8651
587,3495.85,2,8653
2383,3492.45,6,8659
255,3484.25,8,8667
536,3482.35,4,8671
1065,3473.6,9,8680
1398,3471.2999999999997,3,8683
1552,3462.11,7,8690
748,3460.0999999999995,10,8700
1009,3457.6400000000003,9,8709
2167,3456.45,4,8713
2153,3456.15,9,8722
1740,3453.75,5,8727
2025,3452.0,7,8734
134,3451.6500000000005,5,8739
1271,3443.21,7,8746
2531,3436.76,10,8756
407,3433.6499999999996,10,8766
1063,3425.84,8,8774
512,3421.6,4,8778
1991,3420.7,4,8782
149,3414.1,2,8784
1110,3412.6499999999996,10,8794
2404,3409.9500000000003,9,8803
2535,3398.4999999999995,8,8811
1612,3398.3,6,8817
1401,3395.9499999999994,9,8826
1739,3368.25,6,8832
1316,3366.79,5,8837
2185,3365.5999999999995,8,8845
2093,3357.85,4,8849
743,3357.1,4,8853
1505,3356.75,10,8863
265,3349.95,3,8866
2624,3347.5499999999997,6,8872
1420,3341.85,5,8877
739,3339.6499999999996,5,8882
193,3325.55,10,8892
1478,3325.25,10,8902
985,3321.6,3,8905
1462,3321.5999999999995,8,8913
865,3313.72,8,8921
282,3311.7,2,8923
2272,3311.5999999999995,9,8932
2384,3306.3799999999997,3,8935
2057,3302.25,4,8939
227,3300.7499999999995,9,8948
704,3296.1499999999996,10,8958
1568,3293.7000000000007,10,8968
1531,3288.95,10,8978
1381,3288.9499999999994,10,8988
2298,3286.5,8,8996
2710,3283.35,10,9006
2612,3278.9,7,9013
1300,3277.25,3,9016
2154,3276.28,8,9024
1358,3275.9,2,9026
2430,3268.25,5,9031
1161,3267.6499999999996,5,9036
1395,3257.3799999999997,9,9045
48,3247.6,8,9053
1450,3244.5,5,9058
1688,3237.3,5,9063
1485,3234.9000000000005,8,9071
1428,3233.6999999999994,7,9078
238,3232.85,6,9084
1031,3231.2999999999997,10,9094
1090,3227.1499999999996,10,9104
2441,3223.95,5,9109
446,3222.65,10,9119
1493,3217.85,10,9129
1844,3214.6,5,9134
707,3205.15,5,9139
78,3202.5499999999997,3,9142
1997,3192.2999999999997,4,9146
1400,3182.65,8,9154
1793,3170.9500000000003,6,9160
64,3168.3999999999996,2,9162
529,3166.55,10,9172
1014,3158.7699999999995,5,9177
782,3156.25,5,9182
321,3146.3999999999996,10,9192
1720,3137.84,7,9199
29,3122.8599999999997,3,9202
2315,3120.7999999999997,7,9209
2179,3119.35,4,9213
270,3114.2,8,9221
2504,3111.15,4,9225
130,3110.9399999999996,5,9230
1095,3108.75,8,9238
1936,3108.0,7,9245
1846,3105.0,6,9251
2392,3084.0500000000006,7,9258
326,3075.99,6,9264
1060,3074.7499999999995,9,9273
883,3071.0299999999997,2,9275
2570,3062.15,4,9279
2472,3057.35,8,9287
465,3057.15,6,9293
1866,3057.1,5,9298
348,3056.81,7,9305
1016,3030.5,1,9306
138,3029.4,6,9312
1848,3027.8,10,9322
1461,3025.55,8,9330
508,3024.38,6,9336
2205,3016.8,4,9340
1901,3014.5499999999993,10,9350
1045,3006.1500000000005,5,9355
1753,3003.85,5,9360
1238,3003.45,6,9366
1206,3000.6,7,9373
1003,2999.0,1,9374
2465,2998.2,3,9377
687,2997.45,8,9385
2107,2996.6499999999996,4,9389
1499,2995.35,7,9396
1672,2994.7499999999995,7,9403
1519,2979.4500000000003,9,9412
1812,2978.5,3,9415
2229,2977.65,8,9423
641,2976.35,3,9426
1951,2968.65,6,9432
2342,2966.0499999999997,7,9439
392,2965.7999999999997,4,9443
1837,2965.3,5,9448
2546,2958.7999999999997,5,9453
745,2949.8500000000004,6,9459
1762,2949.85,8,9467
833,2949.55,5,9472
887,2944.4,4,9476
2266,2943.0999999999995,3,9479
1380,2938.0499999999997,7,9486
1669,2936.2,8,9494
1384,2935.1,9,9503
1107,2935.05,3,9506
445,2927.1000000000004,7,9513
234,2923.9,5,9518
2690,2921.25,8,9526
2512,2919.15,7,9533
768,2916.2000000000003,3,9536
1216,2916.1000000000004,5,9541
2279,2915.3499999999995,10,9551
961,2913.0199999999995,10,9561
764,2906.4,2,9563
1674,2897.15,7,9570
1605,2892.5,3,9573
1170,2884.8500000000004,10,9583
438,2880.0499999999997,7,9590
2177,2879.7,6,9596
1968,2875.25,3,9599
1518,2874.5,10,9609
518,2868.3499999999995,7,9616
2092,2856.0,2,9618
1470,2847.6,7,9625
2129,2838.05,8,9633
1172,2830.7499999999995,7,9640
412,2829.55,6,9646
2294,2812.1,8,9654
2425,2807.65,10,9664
2662,2805.0999999999995,6,9670
703,2801.7500000000005,9,9679
1488,2795.05,9,9688
2509,2794.4500000000003,6,9694
2186,2790.0,3,9697
934,2785.3999999999996,2,9699
35,2779.8199999999997,8,9707
2352,2776.95,4,9711
2348,2774.1,6,9717
1966,2767.0499999999997,6,9723
2726,2756.55,1,9724
47,2755.4,4,9728
1113,2747.25,7,9735
2317,2746.95,6,9741
2438,2742.3499999999995,10,9751
2104,2738.9,7,9758
1159,2736.2,4,9762
2022,2733.8,5,9767
2073,2731.95,10,9777
824,2726.5999999999995,4,9781
1152,2724.4,7,9788
319,2716.35,6,9794
90,2716.25,10,9804
588,2714.6499999999996,6,9810
2426,2712.45,8,9818
1360,2711.5,4,9822
2199,2708.85,7,9829
1504,2708.35,2,9831
2212,2708.2,8,9839
1658,2705.9500000000003,4,9843
1242,2702.7,9,9852
2549,2701.8,6,9858
842,2701.1499999999996,6,9864
1654,2697.9,6,9870
1904,2696.55,6,9876
1443,2694.15,4,9880
2497,2693.95,4,9884
2311,2693.25,2,9886
2209,2689.4500000000003,7,9893
1639,2665.1000000000004,8,9901
601,2663.8,7,9908
1703,2660.95,9,9917
206,2652.75,5,9922
449,2647.7599999999998,7,9929
2049,2647.3500000000004,1,9930
2619,2646.9000000000005,5,9935
2564,2646.2999999999997,2,9937
1239,2641.9,5,9942
1429,2639.08,6,9948
735,2635.6,3,9951
2050,2632.5499999999997,10,9961
920,2627.65,3,9964
1231,2622.36,4,9968
1596,2621.1,3,9971
884,2611.6499999999996,4,9975
1411,2608.0,10,9985
1210,2606.95,10,9995
1093,2603.85,4,9999
1232,2595.55,3,10002
667,2593.5,2,10004
625,2588.35,4,10008
142,2584.2,5,10013
1838,2582.6,4,10017
1076,2581.3,6,10023
2085,2578.7999999999997,6,10029
1200,2575.73,6,10035
212,2574.0,9,10044
2424,2566.8,2,10046
97,2565.0,6,10052
881,2561.85,10,10062
1721,2561.7999999999997,6,10068
1779,2553.5899999999997,7,10075
1342,2546.6499999999996,4,10079
1602,2544.2500000000005,5,10084
1664,2542.4500000000003,7,10091
1553,2541.86,9,10100
336,2539.75,5,10105
1817,2534.2000000000003,6,10111
915,2532.75,4,10115
1140,2527.7999999999997,9,10124
895,2527.71,4,10128
182,2524.2,3,10131
2096,2524.15,10,10141
368,2520.5000000000005,10,10151
2346,2518.1000000000004,5,10156
1865,2513.0,3,10159
727,2512.65,3,10162
1287,2510.3,10,10172
1537,2507.5,6,10178
494,2505.8500000000004,9,10187
760,2505.6499999999996,4,10191
2750,2500.75,2,10193
178,2499.0,9,10202
598,2498.2999999999997,9,10211
1998,2497.5000000000005,5,10216
422,2494.35,6,10222
2445,2492.7,8,10230
877,2491.95,5,10235
1374,2490.75,8,10243
1181,2489.5000000000005,10,10253
2003,2488.1500000000005,3,10256
335,2487.1,9,10265
327,2485.1299999999997,6,10271
99,2485.05,7,10278
791,2482.55,7,10285
1818,2475.4999999999995,6,10291
2737,2473.9,10,10301
1006,2472.75,4,10305
340,2468.3499999999995,6,10311
2635,2461.5999999999995,7,10318
1774,2459.499999999999,10,10328
364,2459.4499999999994,7,10335
1891,2457.9500000000003,2,10337
252,2453.6000000000004,7,10344
2634,2452.85,8,10352
2579,2452.3,3,10355
1350,2439.2999999999997,5,10360
622,2435.9999999999995,8,10368
987,2432.2999999999997,5,10373
630,2421.5499999999997,2,10375
1922,2417.9500000000003,9,10384
634,2413.35,4,10388
1313,2410.2000000000003,8,10396
33,2408.45,1,10397
73,2400.85,7,10404
1464,2397.75,4,10408
2397,2397.0,1,10409
1704,2393.8999999999996,8,10417
1234,2390.5499999999997,5,10422
673,2385.7000000000003,7,10429
1330,2382.05,10,10439
1992,2380.0,5,10444
329,2379.7499999999995,10,10454
2170,2372.45,10,10464
166,2367.3500000000004,6,10470
1624,2361.75,5,10475
1598,2360.5499999999997,10,10485
1233,2355.5,6,10491
1990,2354.5499999999997,6,10497
120,2348.4,6,10503
2620,2346.5499999999997,6,10509
472,2337.0000000000005,3,10512
2091,2334.2500000000005,6,10518
112,2332.8900000000003,5,10523
1286,2328.85,7,10530
565,2328.45,4,10534
1541,2327.2499999999995,10,10544
838,2325.2499999999995,7,10551
1925,2321.5,5,10556
923,2318.75,8,10564
2011,2318.4500000000003,3,10567
2192,2317.1000000000004,3,10570
907,2310.75,8,10578
2487,2310.45,5,10583
2659,2309.25,8,10591
1545,2308.9,7,10598
2063,2307.3,8,10606
2687,2305.1,9,10615
104,2304.6,4,10619
306,2301.9,5,10624
2071,2297.75,5,10629
2471,2292.4500000000003,5,10634
901,2291.8500000000004,7,10641
236,2290.1,5,10646
1540,2289.1000000000004,3,10649
2447,2287.7999999999997,4,10653
352,2284.8999999999996,9,10662
654,2279.5000000000005,7,10669
2672,2278.6499999999996,6,10675
949,2278.45,6,10681
1139,2277.15,1,10682
1781,2272.0499999999997,1,10683
559,2270.6,3,10686
742,2270.5,3,10689
694,2270.0499999999997,7,10696
54,2269.7,8,10704
750,2267.4,3,10707
1947,2267.4,2,10709
659,2266.2000000000003,6,10715
2149,2250.85,4,10719
450,2248.55,7,10726
1878,2247.7,8,10734
2287,2244.5,5,10739
2774,2238.18,10,10749
2099,2237.5,5,10754
1449,2225.0,6,10760
2491,2224.5,5,10765
958,2222.2499999999995,7,10772
2545,2214.45,3,10775
2658,2205.75,2,10777
2338,2205.75,3,10780
210,2204.6499999999996,7,10787
1530,2203.2,2,10789
999,2202.35,6,10795
604,2201.5499999999997,5,10800
247,2201.1,3,10803
1665,2201.1,3,10806
2752,2199.8,9,10815
1035,2193.9500000000003,6,10821
1726,2192.35,8,10829
2086,2192.25,4,10833
297,2185.25,7,10840
2729,2169.5499999999997,6,10846
1168,2166.9,6,10852
718,2166.7,8,10860
1775,2159.95,9,10869
1773,2158.45,6,10875
1984,2153.1,5,10880
1455,2152.35,8,10888
931,2141.5,5,10893
1028,2139.2999999999997,10,10903
1375,2139.2,8,10911
855,2134.2,8,10919
977,2126.3,6,10925
244,2126.25,10,10935
455,2121.45,8,10943
1806,2121.05,5,10948
2053,2117.0999999999995,7,10955
1355,2112.3499999999995,5,10960
1872,2110.77,1,10961
2126,2102.4,5,10966
1693,2092.2,5,10971
2234,2084.95,3,10974
59,2079.25,9,10983
844,2077.56,10,10993
929,2066.5999999999995,10,11003
1322,2065.5,1,11004
710,2061.65,9,11013
220,2060.6,7,11020
31,2058.97,1,11021
264,2055.7,6,11027
1644,2047.85,7,11034
2411,2041.6,4,11038
1982,2037.45,1,11039
222,2034.8999999999999,1,11040
2343,2026.45,3,11043
2605,2021.0000000000002,5,11048
365,2020.5000000000002,8,11056
199,2016.1999999999998,2,11058
180,2014.7500000000002,9,11067
492,2012.75,4,11071
1320,2012.6000000000001,5,11076
1451,2006.6499999999999,3,11079
2573,2005.25,6,11085
1871,2000.0500000000002,6,11091
486,1998.0,3,11094
2563,1997.9499999999998,4,11098
1908,1995.2899999999997,9,11107
375,1995.0,2,11109
1890,1994.2999999999997,4,11113
1944,1992.1499999999999,3,11116
2453,1988.8000000000002,5,11121
1868,1987.6999999999998,8,11129
586,1976.65,9,11138
2403,1976.2,3,11141
1633,1967.2,7,11148
196,1962.3999999999999,4,11152
316,1954.5,5,11157
2034,1952.8899999999999,7,11164
2434,1951.15,6,11170
540,1950.7999999999997,5,11175
213,1947.3,9,11184
785,1946.25,2,11186
2530,1945.35,4,11190
121,1942.4999999999998,3,11193
1281,1935.65,4,11197
2393,1931.95,9,11206
2474,1925.1700000000003,10,11216
443,1924.5500000000002,3,11219
2218,1922.7499999999995,6,11225
2051,1920.3,6,11231
1406,1913.25,8,11239
1122,1912.7,3,11242
1459,1899.65,4,11246
1782,1899.4,3,11249
2197,1898.7000000000003,3,11252
2599,1895.7500000000002,3,11255
787,1894.05,9,11264
41,1892.05,5,11269
356,1891.8,7,11276
521,1890.4999999999998,3,11279
464,1889.1000000000001,9,11288
2292,1878.4699999999998,6,11294
1323,1877.6,4,11298
2655,1875.1499999999999,5,11303
143,1873.1,7,11310
797,1868.0499999999997,8,11318
133,1865.6,4,11322
2357,1864.3000000000002,6,11328
902,1859.9999999999995,8,11336
1306,1848.5500000000002,4,11340
1873,1845.35,8,11348
639,1842.45,2,11350
2285,1838.8999999999999,3,11353
215,1838.8500000000001,3,11356
155,1836.35,5,11361
1896,1835.05,10,11371
2692,1833.9,3,11374
2369,1831.7999999999997,6,11380
2036,1827.4,8,11388
720,1826.95,4,11392
2142,1826.6,4,11396
1365,1825.3999999999999,7,11403
2288,1821.1999999999998,4,11407
771,1819.75,7,11414
2100,1816.5,1,11415
67,1816.5,2,11417
1203,1813.0,2,11419
2565,1804.2000000000003,7,11426
2150,1798.5500000000002,3,11429
880,1798.2,2,11431
189,1796.9499999999998,8,11439
668,1796.3999999999999,5,11444
1764,1792.35,9,11453
1158,1792.3,8,11461
2238,1791.6,10,11471
2090,1790.5,3,11474
1024,1787.4499999999998,3,11477
1574,1785.8999999999999,3,11480
2409,1783.51,4,11484
274,1780.1,5,11489
754,1779.45,3,11492
1743,1776.9,10,11502
1805,1776.4499999999998,3,11505
1151,1774.3,3,11508
696,1768.6,2,11510
1766,1767.05,1,11511
437,1764.29,8,11519
354,1761.7,4,11523
1077,1759.9499999999998,3,11526
1938,1755.8,4,11530
395,1737.1,2,11532
1628,1736.25,4,11536
1785,1735.65,2,11538
415,1735.6499999999999,1,11539
233,1730.85,3,11542
563,1727.5,7,11549
747,1724.85,4,11553
164,1724.51,5,11558
481,1722.6,1,11559
2720,1722.6,2,11561
160,1720.45,6,11567
1949,1718.6499999999999,10,11577
2492,1718.5499999999997,9,11586
2151,1718.3999999999999,2,11588
2712,1717.8500000000001,2,11590
53,1713.2999999999997,9,11599
1979,1710.3,2,11601
980,1706.6499999999999,3,11604
1528,1696.9499999999998,3,11607
406,1693.9,5,11612
2457,1693.3500000000001,2,11614
945,1687.6499999999996,7,11621
1609,1687.3,2,11623
2132,1686.75,2,11625
1607,1680.95,3,11628
1101,1677.9,2,11630
37,1677.9,2,11632
1987,1677.2,2,11634
421,1671.25,10,11644
692,1670.8500000000001,7,11651
1898,1669.35,7,11658
2414,1667.4499999999998,6,11664
2295,1664.95,10,11674
1066,1660.1500000000003,8,11682
2322,1655.85,9,11691
1106,1652.6,2,11693
775,1652.3999999999999,6,11699
769,1647.1499999999999,2,11701
1091,1643.0299999999997,4,11705
2141,1642.6200000000001,6,11711
2603,1633.5999999999997,9,11720
722,1633.45,2,11722
896,1633.0499999999997,6,11728
1532,1629.1999999999998,2,11730
1052,1627.85,5,11735
101,1627.3,8,11743
1906,1626.3,2,11745
665,1619.25,5,11750
469,1618.2,5,11755
2707,1615.4999999999998,3,11758
2239,1615.0500000000002,7,11765
776,1612.05,7,11772
495,1608.7,5,11777
175,1603.9,7,11784
1843,1599.95,3,11787
1445,1599.75,4,11791
1491,1599.2,2,11793
61,1598.45,7,11800
458,1595.35,6,11806
1117,1594.05,6,11812
2585,1591.8500000000001,1,11813
1769,1588.2,6,11819
2765,1587.35,5,11824
214,1584.5,8,11832
2174,1584.4499999999998,4,11836
1333,1579.6,1,11837
2727,1572.7599999999998,6,11843
2144,1570.1999999999998,6,11849
2664,1569.7,4,11853
2553,1565.3,4,11857
2581,1563.2,7,11864
981,1561.75,6,11870
1145,1557.3999999999999,4,11874
1197,1548.45,2,11876
2718,1548.0,8,11884
2161,1545.75,3,11887
1030,1541.85,4,11891
1436,1539.2,6,11897
1796,1538.85,6,11903
1788,1527.45,2,11905
279,1523.0500000000002,5,11910
2214,1520.4999999999998,6,11916
1114,1519.55,2,11918
548,1518.1499999999999,10,11928
1512,1515.3999999999999,8,11936
2596,1515.1000000000001,2,11938
203,1515.0,8,11946
762,1512.1000000000001,7,11953
2116,1510.35,4,11957
1640,1507.2,6,11963
2262,1504.35,5,11968
734,1501.1999999999998,7,11975
250,1499.1,10,11985
224,1493.0500000000002,8,11993
1019,1491.75,1,11994
2325,1491.35,3,11997
2508,1481.5500000000002,2,11999
62,1481.35,7,12006
2040,1479.1499999999999,2,12008
2622,1478.2,8,12016
1745,1471.8999999999999,3,12019
381,1467.55,3,12022
591,1465.6,4,12026
2274,1465.55,5,12031
2681,1463.35,1,12032
2249,1461.6000000000001,4,12036
94,1458.2,8,12044
603,1453.2,1,12045
1178,1450.9,2,12047
289,1450.2499999999998,4,12051
2042,1438.8000000000002,7,12058
1565,1437.6,1,12059
1368,1436.3999999999999,3,12062
2060,1427.25,2,12064
2609,1427.25,1,12065
87,1415.6,7,12072
1119,1411.55,2,12074
1315,1407.6499999999999,1,12075
957,1407.6499999999999,3,12078
1975,1404.25,6,12084
2044,1400.51,4,12088
2095,1400.5,5,12093
1952,1399.95,1,12094
136,1398.25,3,12097
1129,1398.15,5,12102
179,1396.3000000000002,7,12109
452,1394.9999999999998,7,12116
1402,1394.45,5,12121
891,1393.75,3,12124
2358,1385.3999999999999,4,12128
2536,1372.6999999999998,3,12131
287,1372.61,10,12141
2547,1365.9500000000003,5,12146
825,1365.0,4,12150
874,1364.25,9,12159
573,1360.7,4,12163
602,1358.5500000000002,3,12166
1961,1358.4,5,12171
1715,1356.6,3,12174
2640,1355.1000000000001,7,12181
34,1354.05,9,12190
1439,1353.84,8,12198
1120,1353.1999999999998,2,12200
1282,1352.95,7,12207
1734,1351.6499999999999,5,12212
1328,1351.1,9,12221
2528,1346.1499999999999,5,12226
1426,1340.85,2,12228
2454,1336.7,8,12236
924,1336.55,5,12241
353,1333.05,2,12243
1676,1332.6900000000003,6,12249
816,1327.8999999999999,3,12252
1267,1327.55,5,12257
1885,1327.2500000000002,4,12261
1146,1324.6,2,12263
225,1323.45,1,12264
2516,1318.9,4,12268
1096,1309.75,7,12275
2490,1309.3999999999999,6,12281
749,1300.55,6,12287
2651,1298.1999999999998,5,12292
1111,1297.8900000000003,10,12302
1373,1294.1,6,12308
1548,1288.2499999999998,6,12314
46,1286.45,5,12319
12,1278.3,7,12326
2251,1273.55,8,12334
2572,1272.8,3,12337
1452,1272.0000000000002,9,12346
1289,1269.1000000000001,7,12353
1924,1260.09,7,12360
1655,1259.1899999999998,4,12364
1336,1257.8999999999999,2,12366
583,1257.8999999999999,1,12367
1535,1256.85,1,12368
1160,1253.54,2,12370
1517,1245.9499999999998,4,12374
2198,1245.6,10,12384
574,1238.7,4,12388
894,1232.3700000000001,5,12393
1414,1230.45,7,12400
552,1228.1499999999999,1,12401
922,1228.1499999999999,4,12405
1895,1227.3,2,12407
1134,1224.6499999999999,3,12410
2476,1224.6000000000001,6,12416
2744,1219.4,5,12421
2401,1217.55,7,12428
414,1215.8999999999999,5,12433
281,1214.1499999999999,6,12439
1690,1212.2,3,12442
998,1212.2,1,12443
2241,1207.7,8,12451
1044,1206.8500000000001,10,12461
1649,1205.99,4,12465
177,1201.8500000000001,5,12470
1257,1198.8000000000002,3,12473
114,1198.0,4,12477
509,1191.3999999999999,5,12482
682,1188.4,7,12489
172,1185.9999999999998,6,12495
818,1181.75,9,12504
2030,1178.65,4,12508
900,1178.25,4,12512
2124,1178.2,10,12522
955,1171.6499999999999,2,12524
2534,1171.55,8,12532
488,1169.0,10,12542
1821,1168.05,3,12545
541,1164.75,10,12555
685,1159.25,5,12560
1978,1158.5500000000002,4,12564
197,1153.81,6,12570
1687,1148.0,2,12572
1040,1145.8,5,12577
2190,1142.15,6,12583
2730,1138.95,3,12586
378,1138.5500000000002,5,12591
986,1137.25,8,12599
1839,1134.75,8,12607
2732,1134.3,3,12610
2112,1131.1499999999999,5,12615
1592,1128.0,9,12624
967,1117.5,5,12629
1199,1115.85,2,12631
485,1114.4,7,12638
2554,1110.74,3,12641
2714,1109.1,4,12645
738,1107.0,5,12650
475,1105.8,4,12654
1074,1104.65,8,12662
2075,1104.3,4,12666
689,1102.5500000000002,2,12668
647,1101.95,5,12673
1502,1098.9,1,12674
370,1098.1,3,12677
1088,1097.4,5,12682
974,1094.95,1,12683
788,1087.3,3,12686
623,1083.7,5,12691
1960,1080.9,9,12700
106,1078.6499999999999,3,12703
1799,1074.2999999999997,8,12711
1933,1073.4,4,12715
79,1073.1,2,12717
1996,1067.6999999999998,3,12720
2135,1066.1000000000001,4,12724
251,1064.6499999999999,3,12727
921,1064.4,5,12732
1015,1063.85,4,12736
864,1058.6999999999998,4,12740
1150,1058.6000000000001,1,12741
2111,1058.5,4,12745
382,1054.6999999999998,5,12750
211,1053.1000000000001,6,12756
2146,1052.7,3,12759
1999,1051.6,4,12763
476,1044.45,5,12768
2427,1044.1100000000001,7,12775
1663,1041.1,3,12778
1923,1038.0,1,12779
1864,1037.4,9,12788
1482,1036.45,9,12797
283,1035.3,7,12804
376,1027.8,4,12808
2402,1023.15,4,12812
698,1021.2,3,12815
1757,1019.55,7,12822
2204,1018.3,2,12824
857,1018.3,1,12825
547,1018.3,8,12833
2345,1017.5999999999999,4,12837
1310,1017.4499999999999,4,12841
2663,1013.6499999999999,6,12847
1503,1009.8,5,12852
1419,1009.6999999999999,7,12859
2353,1006.8000000000001,3,12862
1937,1005.6999999999999,5,12867
1190,1005.2500000000001,6,12873
2451,1005.1500000000001,6,12879
462,1000.4499999999999,6,12885
2591,1000.35,8,12893
1435,998.4000000000001,8,12901
1795,997.8000000000001,4,12905
109,997.5,5,12910
1881,996.25,6,12916
2755,994.9999999999999,3,12919
723,994.7199999999999,7,12926
645,994.25,5,12931
284,993.6500000000001,8,12939
2158,989.35,3,12942
1608,989.3,5,12947
396,988.9,2,12949
2139,986.1,2,12951
93,980.65,9,12960
1382,977.75,4,12964
1004,976.95,6,12970
493,976.25,6,12976
2203,973.59,4,12980
171,959.2,4,12984
829,957.5999999999999,2,12986
2675,957.3,7,12993
351,950.4000000000001,9,13002
1934,941.95,5,13007
205,940.98,8,13015
377,937.65,1,13016
2023,935.05,5,13021
2654,928.4499999999999,4,13025
807,927.75,3,13028
463,927.75,3,13031
2221,927.65,6,13037
307,926.8,5,13042
135,922.2,9,13051
1321,922.05,9,13060
608,919.54,2,13062
257,909.15,1,13063
1098,907.3499999999999,6,13069
2466,898.6,7,13076
1570,897.9,1,13077
2552,897.5,4,13081
75,896.6500000000001,1,13082
1171,895.85,7,13089
1899,894.7,4,13093
1841,893.1999999999999,1,13094
973,893.1999999999999,3,13097
646,891.35,8,13105
2450,889.9000000000001,2,13107
1219,889.7,7,13114
2532,879.55,8,13122
1288,869.85,6,13128
662,868.26,3,13131
1269,866.3,8,13139
946,861.3,1,13140
1972,858.6,1,13141
2696,857.6,6,13147
128,856.3499999999999,4,13151
1867,848.6000000000001,5,13156
202,846.9999999999999,3,13159
334,846.15,3,13162
20,845.3499999999999,5,13167
852,841.75,1,13168
1827,838.95,7,13175
1767,838.95,2,13177
1317,838.6,3,13180
331,838.6,1,13181
1068,837.9,2,13183
1555,836.45,4,13187
1039,835.55,5,13192
2617,826.8000000000001,1,13193
1510,826.1999999999999,1,13194
2721,826.1999999999999,4,13198
1241,825.6999999999999,5,13203
2475,822.3000000000001,5,13208
1366,821.37,2,13210
1416,820.52,8,13218
2703,818.0999999999999,4,13222
11,811.8,8,13230
2081,809.1,4,13234
856,808.53,7,13241
899,806.2,3,13244
345,803.5,9,13253
821,802.8999999999999,4,13257
2165,799.95,9,13266
596,797.5,7,13273
2368,796.4999999999999,5,13278
2463,794.75,7,13285
835,789.8,4,13289
2021,789.0999999999999,3,13292
1056,780.3,5,13297
1910,778.6999999999999,1,13298
1176,778.5,2,13300
1311,771.85,2,13302
1523,770.7,4,13306
5,766.0,5,13311
1611,759.8499999999999,3,13314
859,759.0500000000001,2,13316
480,754.4000000000001,5,13321
2259,752.55,4,13325
873,752.55,1,13326
2521,752.4499999999999,9,13335
882,748.75,1,13336
2460,743.4000000000001,2,13338
2740,738.15,1,13339
1733,736.8,3,13342
1201,736.5999999999999,4,13346
758,735.0999999999999,8,13354
1670,734.4,3,13357
2407,734.4,2,13359
2448,732.3500000000001,3,13362
10,731.4499999999999,9,13371
1075,728.55,5,13376
2277,726.6,2,13378
2766,726.4499999999999,7,13385
1777,726.3499999999999,4,13389
1832,724.35,3,13392
914,721.35,2,13394
2336,720.8,2,13396
2648,719.3,2,13398
57,718.8,3,13401
49,713.05,4,13405
1928,710.8,6,13411
2002,700.65,1,13412
1433,699.5999999999999,6,13418
1613,698.6,6,13424
1364,698.4,3,13427
1921,696.75,3,13430
2520,694.5,5,13435
2226,689.7,6,13441
1786,688.47,1,13442
531,682.55,3,13445
898,678.3,4,13449
1758,678.3,2,13451
1643,678.15,2,13453
2473,675.25,5,13458
1977,674.6999999999999,1,13459
2308,672.8499999999999,3,13462
1956,665.1,3,13465
2182,664.15,1,13466
2267,660.4499999999999,2,13468
1498,658.9,2,13470
2588,657.1,4,13474
836,649.9999999999999,5,13479
2493,648.75,1,13480
2232,646.75,5,13485
564,643.95,4,13489
1299,642.6,7,13496
1131,640.8999999999999,4,13500
1920,640.86,6,13506
524,640.8499999999999,3,13509
1472,640.65,4,13513
2016,639.84,7,13520
1642,639.68,1,13521
2293,634.8,5,13526
1339,631.6,4,13530
159,625.85,7,13537
780,624.55,5,13542
2422,623.35,5,13547
1597,620.8000000000001,2,13549
1716,620.4,5,13554
2371,619.65,2,13556
942,619.3,5,13561
2480,617.55,3,13564
1564,616.8000000000001,3,13567
1345,615.0,3,13570
706,608.85,3,13573
2580,608.65,1,13574
2467,606.65,2,13576
1174,605.7,7,13583
917,602.66,4,13587
517,600.95,5,13592
2366,600.1499999999999,7,13599
285,599.5500000000001,8,13607
2361,599.25,1,13608
1349,598.5,4,13612
866,598.5,4,13616
230,598.5,3,13619
201,598.3,3,13622
863,596.85,1,13623
1675,596.6999999999999,4,13627
2657,592.35,1,13628
515,592.35,5,13633
1849,590.15,3,13636
843,588.65,5,13641
2416,579.4000000000001,5,13646
2168,577.95,4,13650
1023,577.0999999999999,1,13651
98,574.2500000000001,8,13659
435,559.65,4,13663
1851,558.6,2,13665
832,558.25,3,13668
1533,557.43,3,13671
1647,556.35,2,13673
1392,554.8,6,13679
1941,551.39,7,13686
1776,549.6,2,13688
516,538.5,2,13690
2709,538.4,2,13692
2202,537.75,6,13698
1616,536.55,5,13703
2418,529.9,3,13706
254,527.3399999999999,6,13712
2767,526.35,1,13713
1567,522.9,4,13717
1637,521.25,8,13725
2024,520.15,3,13728
2041,519.35,5,13733
1569,519.35,1,13734
2677,519.35,1,13735
1363,519.3,2,13737
1955,519.05,4,13741
1084,509.15,2,13743
2751,503.05000000000007,6,13749
228,503.0,3,13752
1621,498.75,3,13755
425,498.0,3,13758
58,494.79999999999995,5,13763
2502,493.05,1,13764
300,493.05,1,13765
434,493.05,4,13769
717,486.5,3,13772
2020,479.40000000000003,1,13773
70,479.40000000000003,1,13774
275,479.40000000000003,2,13776
1372,479.2,1,13777
2484,474.4,4,13781
1549,472.75,6,13787
499,469.05,2,13789
997,467.65,3,13792
1556,466.84999999999997,6,13798
170,466.7,1,13799
2642,466.2,2,13801
2513,464.1,2,13803
1705,462.74999999999994,6,13809
187,462.54999999999995,2,13811
1483,462.54999999999995,2,13813
2719,460.85,6,13819
1326,459.04999999999995,7,13826
2351,457.3,5,13831
1259,454.7,2,13833
1725,452.65000000000003,9,13842
7,449.55,1,13843
2227,449.55,5,13848
1147,449.25,1,13849
2477,449.25,3,13852
1163,446.59999999999997,2,13854
1265,446.59999999999997,4,13858
912,444.4,3,13861
318,441.15,4,13865
2747,441.15,3,13868
1049,440.3,1,13869
1824,439.45000000000005,1,13870
1819,438.54999999999995,3,13873
2162,430.99999999999994,9,13882
1185,427.99,3,13885
1667,424.95,2,13887
545,422.45,4,13891
1673,419.65000000000003,9,13900
2140,419.65000000000003,5,13905
209,419.3,7,13912
219,414.95,4,13916
1298,414.7,2,13918
1213,413.40000000000003,3,13921
551,413.15000000000003,7,13928
888,413.1,7,13935
1638,405.45,7,13942
1916,402.75,4,13946
2012,399.8,3,13949
88,399.5,9,13958
2715,398.7,7,13965
1334,389.34999999999997,4,13969
188,387.05,10,13979
241,386.3,5,13984
204,385.45,7,13991
2291,383.1,3,13994
528,382.6499999999999,4,13998
910,382.06999999999994,3,14001
3,379.45,6,14007
2486,376.95,1,14008
385,368.95,4,14012
558,367.2,2,14014
1862,367.15,4,14018
1018,363.25,5,14023
1689,359.55,1,14024
2470,359.55,2,14026
1034,359.45,2,14028
1225,359.4,2,14030
936,359.4,2,14032
337,359.35,5,14037
258,358.2,1,14038
611,358.0,4,14042
330,357.0,2,14044
1037,353.3,7,14051
1684,350.9,1,14052
2372,349.8,2,14054
317,349.65000000000003,3,14057
686,349.65,3,14060
2027,349.6,2,14062
1196,344.25,1,14063
1092,342.34999999999997,7,14070
2399,339.66,2,14072
688,339.15,2,14074
2589,339.15,3,14077
1500,338.29999999999995,2,14079
2001,337.34999999999997,4,14083
989,335.55,5,14088
122,334.95,4,14092
2468,334.25,4,14096
1008,329.45,3,14099
805,328.95,4,14103
2459,328.74999999999994,9,14112
600,327.2,2,14114
2326,321.3,4,14118
15,319.8,3,14121
92,319.6,4,14125
506,319.6,1,14126
140,319.2,1,14127
1694,317.29999999999995,4,14131
674,316.75,5,14136
2052,310.19,2,14138
2725,309.40000000000003,4,14142
1772,307.24999999999994,4,14146
1542,305.15,2,14148
2328,299.70000000000005,7,14155
700,299.5,3,14158
1692,298.34999999999997,1,14159
2230,294.3,4,14163
2479,290.15,3,14166
1067,287.2,1,14167
1681,285.45,6,14173
2309,282.4,5,14178
1371,272.4,5,14183
2119,271.95,4,14187
988,269.55,4,14191
1657,269.55,6,14197
571,269.55,2,14199
1081,268.65,2,14201
1566,265.34999999999997,3,14204
2395,265.2,3,14207
1026,263.52,3,14210
157,262.95,7,14217
2428,259.5,1,14218
1278,259.5,1,14219
1831,259.34999999999997,2,14221
537,257.45,3,14224
2542,254.4,2,14226
95,253.75,2,14228
817,251.29999999999998,1,14229
2485,251.29999999999998,1,14230
1536,251.29999999999998,1,14231
876,251.29999999999998,8,14239
107,249.9,7,14246
2775,249.25,2,14248
1622,243.3,9,14257
2670,239.8,2,14259
1618,239.8,1,14260
262,239.6,5,14265
2686,239.5,7,14272
1630,239.25,2,14274
232,239.25,5,14279
979,239.24999999999997,3,14282
2669,238.79999999999998,1,14283
429,233.54999999999998,1,14284
1475,233.54999999999998,3,14287
868,233.51,10,14297
2047,233.1,4,14301
944,231.5,6,14307
218,230.55,4,14311
767,229.5,5,14316
45,229.35,3,14319
2645,229.05,7,14326
2323,222.6,4,14330
870,219.45,2,14332
2313,219.45,3,14335
1563,219.45,2,14337
2247,218.89999999999998,4,14341
1415,209.79,1,14342
402,209.65,7,14349
789,209.65,1,14350
71,209.65,3,14353
1424,209.55,3,14356
725,209.49999999999997,4,14360
678,207.6,4,14364
2436,207.6,1,14365
960,207.35,2,14367
1680,206.70000000000002,2,14369
2576,202.49999999999997,3,14372
732,199.8,4,14376
2363,199.8,3,14379
592,199.8,1,14380
930,199.8,3,14383
1047,199.75,1,14384
1581,198.6,6,14390
1811,197.45,10,14400
648,190.8,6,14406
2225,189.6,7,14413
102,181.65,1,14414
195,181.65,2,14416
1354,181.65,6,14422
1394,181.65,1,14423
1290,179.85000000000002,1,14424
1814,179.7,7,14431
1465,179.7,1,14432
1324,179.54999999999998,2,14434
1396,179.54999999999998,4,14438
837,179.54999999999998,3,14441
1907,179.54999999999998,3,14444
2408,175.45,1,14445
1620,172.55,6,14451
1020,172.2,2,14453
55,168.35,2,14455
420,165.74,7,14462
2757,162.7,7,14469
972,159.8,4,14473
1307,155.7,2,14475
721,155.55,6,14481
744,154.70000000000002,1,14482
2455,152.39999999999998,8,14490
1970,149.85000000000002,4,14494
1249,149.85000000000002,1,14495
1130,149.75,3,14498
1859,149.75,1,14499
1466,149.75,3,14502
539,147.2,5,14507
2329,143.55,6,14513
1993,143.1,4,14517
1102,142.45,4,14521
2688,139.66,3,14524
1112,139.29999999999998,1,14525
2332,136.85,1,14526
2258,135.64999999999998,2,14528
1833,129.75,1,14529
1229,129.75,3,14532
2469,129.75,1,14533
2633,129.75,4,14537
644,129.75,2,14539
2638,127.2,4,14543
116,125.5,7,14550
2213,119.97,3,14553
1615,119.85000000000001,9,14562
1025,119.8,1,14563
1930,119.7,3,14566
804,119.0,1,14567
40,114.55000000000001,1,14568
1284,113.05,2,14570
1312,111.64999999999999,5,14575
72,111.64999999999999,1,14576
2435,111.3,1,14577
373,109.44999999999999,1,14578
391,103.8,3,14581
964,103.8,1,14582
2125,103.6,1,14583
360,99.9,3,14586
2244,99.75,4,14590
1662,99.75,1,14591
1816,99.75,1,14592
2219,99.75,5,14597
808,99.75,4,14601
2653,95.75,2,14603
1204,95.69999999999999,6,14609
312,95.69999999999999,2,14611
1329,90.64999999999999,2,14613
1919,89.95,4,14617
1590,89.85,2,14619
448,89.85,3,14622
2413,89.85,1,14623
1480,89.75,1,14624
523,89.55,4,14628
2602,87.45,1,14629
2283,87.45,2,14631
500,87.45,2,14633
940,79.94,5,14638
113,79.8,7,14645
2551,79.75,3,14648
699,79.75,3,14651
2018,79.75,2,14653
1497,79.2,3,14656
1165,75.05,1,14657
578,71.8,1,14658
1798,68.85,2,14660
2055,64.75,2,14662
343,63.8,3,14665
2169,63.8,1,14666
2270,63.6,3,14669
1184,59.95,3,14672
1301,59.9,1,14673
599,59.849999999999994,3,14676
398,59.849999999999994,2,14678
1751,57.75,6,14684
1332,51.9,4,14688
1727,51.8,3,14691
1226,51.8,2,14693
2373,49.95,4,14697
2587,49.849999999999994,6,14703
125,47.849999999999994,1,14704
1154,47.7,2,14706
1711,47.7,7,14713
729,39.95,2,14715
820,39.9,1,14716
1042,39.9,4,14720
1272,39.9,1,14721
1748,39.8,3,14724
1976,38.849999999999994,3,14727
534,35.95,1,14728
2201,35.8,6,14734
468,35.550000000000004,5,14739
672,29.99,5,14744
479,29.95,2,14746
2711,29.95,3,14749
1253,29.849999999999998,2,14751
1486,29.700000000000003,1,14752
1741,27.9,3,14755
607,25.95,2,14757
2121,25.95,1,14758
1123,25.95,4,14762
2437,23.85,3,14765
636,23.85,1,14766
906,19.99,4,14770
1974,19.95,2,14772
2559,19.95,1,14773
1343,19.95,1,14774
383,19.95,1,14775
908,19.95,1,14776
2761,19.95,1,14777
2007,19.95,1,14778
298,19.75,2,14780
2172,17.95,3,14783
295,12.95,3,14786
1889,12.95,5,14791
2280,10.95,1,14792
783,9.99,1,14793
2524,9.95,3,14796
1770,7.95,4,14800
2496,0.0,2,14802
1877,0.0,2,14804
2080,0.0,4,14808
803,0.0,6,14814
1387,0.0,4,14818
740,0.0,3,14821
126,0.0,3,14824
2381,0.0,2,14826
2043,0.0,1,14827
124,0.0,2,14829
2494,0.0,3,14832
1802,0.0,4,14836
2406,0.0,1,14837
2105,0.0,2,14839
538,0.0,2,14841
2337,0.0,2,14843
363,0.0,3,14846
2568,0.0,1,14847
1587,0.0,2,14849
2237,0.0,1,14850
1162,0.0,1,14851
2242,0.0,5,14856
141,0.0,2,14858
483,0.0,6,14864
1029,0.0,2,14866
1752,0.0,2,14868
561,0.0,2,14870
567,0.0,2,14872
