block_id,gain_per_block,n_products,product_cumsum
21,22144.95000000001,10,10
1409,16911.050000000007,7,17
1121,16278.85000000001,10,27
530,15860.650000000007,10,37
487,15496.330000000004,8,45
1446,15325.050000000007,10,55
1677,14686.100000000008,9,64
2671,14474.150000000007,8,72
442,14456.050000000003,10,82
1143,14365.270000000004,10,92
1033,14267.300000000007,9,101
1283,14251.350000000006,9,110
387,13980.100000000004,8,118
560,13905.400000000005,8,126
812,13895.800000000001,8,134
418,13523.900000000005,9,143
1554,13110.25000000001,10,153
1274,12985.600000000006,9,162
2442,12931.300000000001,4,166
2173,12892.450000000006,6,172
314,12865.080000000009,10,182
1403,12805.2,10,192
1247,12712.490000000003,9,201
2608,12665.150000000003,8,209
1309,12599.180000000006,10,219
2145,12359.150000000003,10,229
1601,12308.95,10,239
1765,12251.690000000004,9,248
1747,12227.50000000001,10,258
1580,12195.30000000001,8,266
1691,12052.250000000004,10,276
546,12042.550000000005,9,285
315,12016.050000000001,8,293
2037,12014.45,4,297
2195,12010.15000000001,9,306
2700,12008.570000000003,6,312
626,11999.37,9,321
2048,11919.65000000001,9,330
2566,11902.300000000003,6,336
2240,11846.800000000008,8,344
1463,11766.000000000005,10,354
447,11716.500000000005,7,361
773,11532.200000000004,10,371
1252,11465.350000000002,6,377
522,11462.900000000001,8,385
361,11459.500000000007,8,393
1887,11405.7,6,399
851,11274.800000000005,10,409
1507,11254.850000000004,10,419
320,11191.450000000006,10,429
2344,11052.750000000007,10,439
2446,10972.150000000007,6,445
1240,10950.050000000005,8,453
2735,10920.950000000004,10,463
726,10886.4,10,473
1083,10749.400000000001,9,482
661,10744.600000000002,5,487
2433,10706.530000000008,9,496
1964,10700.830000000004,9,505
1860,10697.450000000003,7,512
82,10630.200000000003,10,522
301,10584.200000000006,8,530
1410,10476.400000000003,9,539
2103,10400.600000000004,9,548
2223,10382.300000000003,10,558
2555,10363.150000000009,8,566
110,10315.250000000005,10,576
1124,10312.15000000001,9,585
1166,10309.600000000006,5,590
1294,10263.450000000004,8,598
2265,10228.750000000002,8,606
990,10222.000000000005,9,615
1911,10188.900000000003,4,619
904,10185.60000000001,9,628
879,10180.650000000003,7,635
1879,10175.800000000008,9,644
165,10106.55,2,646
1438,9983.700000000006,9,655
216,9982.550000000005,7,662
1826,9955.200000000008,10,672
1441,9954.900000000005,8,680
256,9953.600000000002,6,686
846,9846.950000000004,8,694
1735,9816.500000000004,10,704
2478,9774.210000000008,10,714
779,9758.53,7,721
2644,9619.600000000006,10,731
2610,9599.950000000006,10,741
1809,9568.750000000007,9,750
933,9526.95,9,759
1492,9493.350000000006,9,768
2423,9370.20000000001,10,778
1939,9359.740000000003,10,788
2109,9354.750000000005,8,796
606,9300.500000000007,8,804
1710,9248.470000000007,10,814
1645,9217.200000000003,5,819
2254,9208.250000000005,4,823
430,9198.250000000005,10,833
2290,9196.600000000006,10,843
505,9182.850000000015,10,853
2705,9163.1,8,861
2699,9162.750000000004,10,871
554,9135.150000000007,10,881
183,9128.250000000002,3,884
1671,9118.650000000003,7,891
2704,9089.0,2,893
1551,9050.090000000004,5,898
2706,9048.600000000008,10,908
2087,9034.300000000003,10,918
2574,9021.20000000001,10,928
1058,9011.150000000001,2,930
436,9005.25,6,936
1027,8996.390000000005,8,944
1273,8976.100000000008,8,952
2625,8964.150000000003,5,957
1829,8953.800000000003,9,966
388,8938.400000000003,8,974
1679,8938.200000000006,4,978
1393,8932.000000000007,10,988
1706,8896.450000000004,10,998
1572,8891.250000000004,6,1004
2312,8871.700000000003,8,1012
847,8800.200000000003,7,1019
2160,8761.400000000003,6,1025
1070,8758.300000000005,9,1034
2666,8757.500000000007,10,1044
2489,8710.350000000006,5,1049
1348,8674.200000000003,6,1055
666,8651.350000000006,8,1063
428,8609.53,9,1072
453,8582.650000000007,9,1081
1902,8572.250000000002,9,1090
585,8560.35,2,1092
2264,8544.900000000005,8,1100
25,8544.260000000007,8,1108
2356,8531.250000000005,10,1118
115,8521.800000000005,8,1126
2742,8518.350000000006,9,1135
2123,8506.250000000007,8,1143
2005,8494.750000000004,6,1149
814,8490.100000000006,8,1157
2010,8471.700000000004,6,1163
1115,8469.100000000004,3,1166
2525,8466.350000000002,9,1175
2233,8459.700000000003,8,1183
2163,8451.050000000003,9,1192
1857,8446.25000000001,9,1201
1794,8372.750000000002,10,1211
2220,8352.900000000001,5,1216
549,8352.500000000004,10,1226
2745,8308.200000000003,9,1235
840,8304.600000000004,10,1245
1834,8292.240000000002,10,1255
1469,8274.750000000002,9,1264
2035,8273.550000000003,9,1273
2004,8266.100000000002,10,1283
1133,8263.850000000002,6,1289
359,8242.4,10,1299
1501,8198.099999999999,5,1304
1847,8181.949999999999,7,1311
1948,8172.599999999999,10,1321
932,8168.35,9,1330
1880,8162.32,7,1337
1211,8133.949999999999,9,1346
2207,8120.099999999998,10,1356
1822,8110.399999999999,8,1364
2616,8110.29,5,1369
671,8100.8499999999985,10,1379
355,8088.499999999999,10,1389
2390,8069.15,7,1396
1022,8040.2,7,1403
976,8034.049999999998,10,1413
1495,8026.099999999997,10,1423
2443,8007.349999999999,6,1429
2410,7985.699999999998,6,1435
861,7984.4,4,1439
1750,7976.949999999999,8,1447
950,7953.199999999999,4,1451
411,7951.049999999999,4,1455
39,7945.049999999998,8,1463
1850,7942.05,1,1464
1588,7930.049999999998,6,1470
1771,7927.199999999997,8,1478
1950,7924.049999999997,10,1488
2098,7917.299999999998,10,1498
1632,7896.749999999997,8,1506
2592,7896.2,10,1516
184,7843.149999999998,10,1526
1255,7820.149999999998,8,1534
2734,7803.9,9,1543
1069,7785.5999999999985,4,1547
302,7776.549999999999,9,1556
1940,7754.299999999999,9,1565
982,7749.9,7,1572
1903,7743.349999999998,8,1580
2033,7737.399999999999,7,1587
1236,7725.65,9,1596
422,7725.449999999997,6,1602
2595,7713.899999999998,9,1611
91,7691.399999999999,10,1621
1352,7687.449999999999,8,1629
439,7673.599999999999,1,1630
2733,7660.299999999999,8,1638
918,7637.549999999998,9,1647
1367,7630.589999999998,10,1657
1509,7619.35,10,1667
728,7595.399999999999,5,1672
2008,7541.95,5,1677
181,7536.8499999999985,8,1685
1575,7535.5599999999995,10,1695
790,7534.999999999998,6,1701
1214,7525.299999999999,5,1706
1577,7505.0599999999995,8,1714
651,7495.549999999997,9,1723
185,7493.15,7,1730
2,7491.649999999998,7,1737
2526,7479.749999999997,10,1747
705,7463.3499999999985,10,1757
822,7455.749999999998,9,1766
341,7445.089999999998,8,1774
333,7437.649999999999,6,1780
839,7428.299999999999,7,1787
2296,7411.199999999999,9,1796
2316,7386.849999999998,10,1806
569,7384.429999999998,10,1816
2147,7382.999999999999,8,1824
465,7373.85,6,1830
1582,7371.449999999998,8,1838
1522,7367.449999999999,9,1847
1248,7361.4,9,1856
2646,7344.999999999999,8,1864
424,7344.799999999998,5,1869
2347,7331.05,9,1878
774,7328.45,5,1883
2511,7318.5999999999985,9,1892
1,7307.8499999999985,7,1899
237,7303.999999999998,9,1908
595,7299.0999999999985,10,1918
1444,7295.619999999998,10,1928
1882,7290.2,4,1932
358,7285.379999999998,7,1939
1212,7280.249999999999,9,1948
4,7272.859999999999,10,1958
1998,7242.75,5,1963
2143,7230.0999999999985,10,1973
303,7220.049999999997,7,1980
2701,7206.65,9,1989
498,7203.649999999999,10,1999
845,7181.94,9,2008
1973,7165.939999999999,9,2017
1308,7161.4,4,2021
1521,7151.499999999998,8,2029
344,7150.299999999997,8,2037
1731,7146.399999999999,10,2047
1651,7133.05,7,2054
2000,7129.549999999998,5,2059
2243,7111.199999999998,9,2068
786,7079.949999999999,9,2077
553,7039.5499999999965,8,2085
2488,7031.5,9,2094
1476,7025.309999999999,10,2104
2131,7016.749999999999,7,2111
8,7016.1,1,2112
432,7013.85,8,2120
753,7010.899999999999,3,2123
276,7002.249999999999,7,2130
676,6990.549999999999,6,2136
477,6985.8499999999985,9,2145
410,6970.699999999999,9,2154
1593,6968.65,5,2159
409,6956.449999999997,9,2168
108,6948.449999999997,7,2175
1830,6945.849999999998,10,2185
1048,6944.4,7,2192
1378,6942.5,8,2200
2753,6942.0,9,2209
2148,6939.400000000001,8,2217
716,6935.449999999999,8,2225
2612,6933.799999999998,7,2232
2593,6919.45,7,2239
478,6915.8499999999985,10,2249
490,6912.799999999999,7,2256
467,6905.649999999998,8,2264
962,6884.949999999999,10,2274
1858,6874.649999999999,7,2281
1700,6873.2,3,2284
1407,6872.499999999999,8,2292
192,6868.5499999999965,7,2299
2533,6866.149999999999,10,2309
1183,6862.0999999999985,9,2318
2600,6839.849999999999,7,2325
2515,6813.599999999997,5,2330
2303,6783.499999999997,10,2340
1188,6783.099999999997,10,2350
581,6767.499999999998,9,2359
261,6761.649999999999,8,2367
2396,6753.499999999998,10,2377
1686,6745.299999999998,10,2387
1338,6738.3499999999985,9,2396
1913,6734.099999999999,8,2404
1954,6725.799999999998,8,2412
384,6716.299999999999,7,2419
63,6664.650000000001,7,2426
2318,6664.5999999999985,4,2430
1729,6663.049999999998,7,2437
638,6660.3499999999985,6,2443
1318,6646.949999999998,10,2453
1412,6644.649999999999,5,2458
959,6641.3499999999985,8,2466
1471,6635.5999999999985,8,2474
953,6617.8499999999985,8,2482
2319,6570.45,10,2492
1732,6570.299999999998,7,2499
2137,6570.05,8,2507
1589,6561.849999999999,7,2514
1454,6534.549999999999,6,2520
105,6534.349999999999,7,2527
444,6528.949999999998,10,2537
6,6495.269999999999,8,2545
2171,6484.7,4,2549
173,6484.449999999999,10,2559
1678,6476.299999999998,8,2567
2276,6460.95,8,2575
1479,6450.649999999998,9,2584
2094,6435.549999999998,9,2593
792,6433.95,10,2603
2548,6400.2,5,2608
1561,6384.999999999999,5,2613
1728,6381.0999999999985,10,2623
246,6361.149999999999,8,2631
1683,6351.799999999998,10,2641
963,6349.649999999999,8,2649
2009,6343.499999999997,10,2659
1097,6329.649999999999,9,2668
1141,6319.599999999997,9,2677
2374,6317.349999999998,10,2687
2665,6315.999999999997,10,2697
2133,6309.599999999999,8,2705
763,6296.4,9,2714
2613,6275.299999999997,10,2724
1369,6264.099999999998,7,2731
756,6249.799999999999,8,2739
2115,6235.449999999998,10,2749
1918,6227.999999999999,10,2759
1666,6221.149999999999,10,2769
2082,6201.3499999999985,9,2778
952,6186.399999999998,6,2784
1653,6185.45,6,2790
68,6179.199999999998,10,2800
1356,6178.0999999999985,9,2809
2557,6174.65,3,2812
2639,6160.549999999998,6,2818
714,6157.299999999998,7,2825
1869,6149.149999999999,9,2834
1399,6143.049999999999,5,2839
1054,6136.729999999996,10,2849
1427,6130.0999999999985,10,2859
1280,6121.249999999999,10,2869
2660,6118.73,7,2876
520,6113.099999999997,8,2884
2068,6089.400000000001,3,2887
1260,6055.4,5,2892
2355,6045.8,3,2895
1738,6045.799999999999,7,2902
724,6019.299999999998,9,2911
2571,6016.949999999997,10,2921
1737,6011.629999999997,7,2928
1404,6009.11,8,2936
2335,5996.110000000001,2,2938
2601,5990.749999999998,8,2946
1237,5957.3499999999985,4,2950
2710,5956.7,10,2960
1631,5952.599999999997,7,2967
1893,5940.75,3,2970
2582,5934.950000000001,8,2978
968,5932.399999999999,9,2987
993,5921.5999999999985,5,2992
1187,5916.359999999998,9,3001
2194,5913.199999999999,6,3007
2387,5905.349999999999,10,3017
313,5902.619999999999,8,3025
32,5900.150000000001,7,3032
1935,5891.599999999997,10,3042
1888,5832.799999999998,8,3050
60,5822.899999999997,9,3059
145,5821.299999999998,10,3069
369,5819.309999999998,10,3079
299,5815.049999999997,10,3089
1489,5800.199999999997,7,3096
1513,5794.499999999999,10,3106
17,5791.8,7,3113
2364,5790.049999999998,7,3120
119,5766.859999999997,9,3129
1583,5762.749999999998,9,3138
1109,5760.119999999998,10,3148
617,5751.899999999999,5,3153
9,5750.3499999999985,6,3159
1000,5741.799999999998,5,3164
1917,5740.3499999999985,9,3173
1810,5740.149999999999,9,3182
2108,5732.9,4,3186
2578,5732.049999999999,5,3191
2268,5728.899999999999,10,3201
2702,5728.699999999999,8,3209
2621,5725.0,9,3218
1422,5718.449999999998,8,3226
2084,5695.8,4,3230
419,5692.449999999999,9,3239
806,5686.799999999997,6,3245
966,5676.649999999997,8,3253
1971,5675.949999999997,9,3262
2269,5664.349999999999,8,3270
867,5654.549999999999,7,3277
1408,5651.8,8,3285
2078,5650.799999999999,6,3291
1277,5644.749999999998,10,3301
1835,5637.579999999998,8,3309
2354,5631.65,7,3316
267,5617.879999999999,8,3324
226,5614.199999999998,7,3331
2306,5605.199999999999,3,3334
1524,5585.749999999998,8,3342
2377,5584.499999999999,7,3349
1270,5581.349999999999,6,3355
970,5577.549999999999,7,3362
507,5575.8499999999985,5,3367
1331,5567.499999999998,10,3377
1699,5565.249999999998,6,3383
66,5560.149999999999,8,3391
1302,5552.369999999998,10,3401
1635,5552.039999999999,8,3409
1390,5549.599999999999,3,3412
513,5540.749999999998,7,3419
1080,5540.399999999997,4,3423
1478,5534.699999999999,10,3433
417,5528.299999999998,7,3440
380,5520.849999999998,7,3447
294,5504.699999999999,7,3454
347,5504.299999999998,9,3463
1511,5503.799999999998,5,3468
2370,5503.650000000001,9,3477
813,5502.849999999997,10,3487
2159,5500.199999999998,5,3492
1756,5498.51,6,3498
1205,5495.949999999998,8,3506
2569,5486.739999999999,4,3510
677,5485.899999999999,7,3517
1148,5484.6,4,3521
194,5478.649999999994,10,3531
2062,5475.349999999999,10,3541
1125,5458.949999999998,3,3544
2187,5452.099999999998,10,3554
80,5444.399999999999,8,3562
2676,5442.249999999998,7,3569
938,5437.199999999998,7,3576
137,5423.199999999998,8,3584
941,5423.12,10,3594
1539,5420.449999999999,10,3604
1749,5415.149999999999,6,3610
151,5410.65,9,3619
1527,5408.05,9,3628
2208,5407.749999999999,5,3633
1275,5406.3499999999985,8,3641
1418,5404.549999999998,6,3647
1474,5402.749999999997,7,3654
1442,5395.999999999997,6,3660
1874,5395.399999999998,9,3669
995,5392.3499999999985,4,3673
191,5372.94,6,3679
1041,5361.299999999999,8,3687
1625,5358.049999999998,9,3696
572,5353.229999999998,10,3706
1079,5349.65,5,3711
1425,5333.749999999998,7,3718
2680,5326.099999999999,8,3726
2739,5324.599999999999,3,3729
670,5321.3,4,3733
1875,5308.549999999998,3,3736
2155,5285.149999999998,9,3745
1370,5284.549999999998,3,3748
1391,5282.399999999998,10,3758
252,5278.749999999999,7,3765
834,5277.299999999999,8,3773
310,5270.5999999999985,10,3783
652,5260.0,6,3789
841,5256.599999999998,10,3799
1652,5250.5999999999985,5,3804
457,5248.049999999998,9,3813
848,5243.699999999999,9,3822
2253,5241.400000000001,7,3829
231,5240.549999999999,3,3832
711,5233.299999999999,8,3840
2510,5233.049999999998,9,3849
1218,5226.299999999999,10,3859
1709,5225.2,9,3868
2632,5223.899999999997,9,3877
1361,5221.899999999999,8,3885
190,5221.349999999997,10,3895
2206,5215.949999999999,4,3899
1905,5209.399999999998,5,3904
1897,5208.469999999999,3,3907
2261,5201.199999999998,9,3916
1132,5198.499999999998,10,3926
1347,5197.749999999998,10,3936
1043,5191.7,8,3944
1389,5188.149999999996,7,3951
2331,5188.049999999998,7,3958
1854,5183.7,6,3964
1053,5181.439999999999,6,3970
2394,5181.149999999997,7,3977
1383,5178.5999999999985,8,3985
1292,5145.449999999999,8,3993
741,5138.0999999999985,2,3995
501,5137.449999999999,10,4005
984,5125.749999999998,10,4015
2015,5105.199999999999,5,4020
1730,5097.91,7,4027
390,5094.95,3,4030
1712,5093.049999999999,7,4037
1719,5090.799999999997,7,4044
2260,5087.999999999999,9,4053
1450,5083.5,5,4058
2746,5081.8499999999985,10,4068
627,5080.649999999999,9,4077
1011,5077.849999999998,8,4085
131,5073.499999999998,8,4093
242,5065.449999999999,8,4101
456,5064.7,6,4107
927,5049.749999999999,4,4111
2246,5048.3499999999985,7,4118
580,5039.999999999999,5,4123
978,5035.3,10,4133
2070,5032.240000000001,8,4141
519,5031.5999999999985,3,4144
1251,5025.699999999999,5,4149
1221,5007.649999999998,9,4158
2289,5006.949999999997,10,4168
935,4985.599999999999,3,4171
799,4975.849999999999,2,4173
2527,4971.329999999996,9,4182
2673,4962.7,3,4185
19,4960.699999999998,9,4194
1164,4956.399999999998,8,4202
2518,4948.749999999999,7,4209
1951,4936.650000000001,6,4215
1045,4934.199999999999,5,4220
761,4933.449999999999,9,4229
1784,4920.0999999999985,8,4237
2342,4914.7,7,4244
431,4906.0999999999985,7,4251
1797,4893.399999999998,7,4258
1487,4886.339999999998,9,4267
649,4881.15,10,4277
2598,4869.749999999999,4,4281
795,4867.649999999999,5,4286
1344,4862.949999999997,9,4295
2405,4859.3499999999985,10,4305
2439,4858.299999999998,8,4313
162,4840.249999999996,9,4322
1768,4840.049999999999,6,4328
2117,4839.65,10,4338
1958,4834.150000000001,4,4342
1385,4831.249999999998,3,4345
2623,4830.749999999999,10,4355
1177,4810.549999999997,8,4363
139,4807.749999999998,10,4373
1586,4804.799999999997,9,4382
2531,4803.029999999999,10,4392
1863,4799.7,10,4402
2452,4797.249999999999,8,4410
2341,4792.449999999999,10,4420
2667,4788.149999999999,6,4426
2523,4786.949999999998,10,4436
1714,4784.349999999999,10,4446
482,4781.749999999999,6,4452
1256,4777.549999999999,7,4459
535,4773.75,8,4467
1914,4763.049999999999,7,4474
1453,4756.649999999999,8,4482
1116,4752.549999999999,10,4492
2200,4741.099999999999,5,4497
2273,4728.349999999999,10,4507
1420,4728.2,5,4512
1695,4726.399999999999,4,4516
983,4719.769999999999,10,4526
658,4716.399999999999,10,4536
2189,4711.899999999998,5,4541
24,4708.199999999998,8,4549
290,4707.049999999998,10,4559
1953,4706.849999999999,6,4565
2544,4703.5,8,4573
2535,4700.6399999999985,8,4581
2038,4698.15,7,4588
1173,4695.149999999999,7,4595
1103,4694.399999999999,8,4603
248,4688.149999999999,10,4613
1840,4687.5,9,4622
2252,4674.449999999997,9,4631
1447,4673.5,1,4632
504,4666.15,8,4640
2575,4663.4,5,4645
2215,4656.949999999999,7,4652
1685,4654.149999999998,8,4660
2763,4649.449999999999,5,4665
1437,4648.599999999999,8,4673
2365,4642.619999999997,9,4682
619,4642.449999999999,7,4689
2183,4639.799999999998,9,4698
1268,4637.199999999998,9,4707
123,4634.849999999998,9,4716
2188,4633.5999999999985,9,4725
65,4630.3499999999985,5,4730
2611,4630.249999999999,10,4740
1222,4625.549999999999,9,4749
1104,4619.0999999999985,3,4752
243,4612.55,6,4758
371,4607.899999999998,8,4766
1981,4599.8499999999985,6,4772
2594,4598.599999999999,4,4776
2605,4590.299999999999,5,4781
311,4589.5999999999985,4,4785
1319,4584.549999999999,4,4789
885,4579.399999999998,10,4799
2059,4574.879999999999,10,4809
2058,4566.049999999997,8,4817
459,4559.15,8,4825
2176,4557.399999999996,10,4835
1215,4556.939999999999,8,4843
2771,4553.849999999999,7,4850
1932,4548.0,9,4859
511,4546.799999999998,7,4866
74,4544.799999999999,7,4873
43,4540.849999999999,9,4882
2695,4528.9,8,4890
1845,4527.3,3,4893
2481,4517.649999999999,5,4898
1227,4515.099999999999,7,4905
1614,4508.8899999999985,9,4914
1612,4506.399999999999,6,4920
1763,4492.899999999999,5,4925
631,4485.699999999998,7,4932
2193,4485.65,6,4938
2088,4482.62,9,4947
664,4482.299999999998,7,4954
2429,4481.949999999999,6,4960
730,4479.389999999999,9,4969
589,4478.299999999998,9,4978
951,4477.549999999999,8,4986
1980,4476.8,2,4988
2615,4476.399999999998,7,4995
897,4472.9,3,4998
198,4467.099999999997,10,5008
174,4466.799999999998,8,5016
253,4465.449999999999,8,5024
103,4464.209999999998,9,5033
2628,4455.799999999998,7,5040
2378,4453.3,8,5048
1449,4446.15,6,5054
2391,4438.399999999999,4,5058
404,4434.45,6,5064
1808,4431.699999999999,10,5074
2697,4427.049999999999,6,5080
2019,4419.45,9,5089
1793,4415.45,6,5095
2748,4413.449999999999,7,5102
2281,4400.799999999998,9,5111
1440,4387.8499999999985,10,5121
2028,4384.399999999998,9,5130
858,4376.949999999998,6,5136
939,4376.5999999999985,8,5144
2066,4373.85,5,5149
562,4373.1,6,5155
508,4371.619999999999,6,5161
1836,4370.949999999999,5,5166
1377,4366.749999999999,9,5175
1192,4365.65,8,5183
2462,4362.45,4,5187
2417,4356.149999999999,8,5195
1062,4354.699999999999,7,5202
2184,4351.199999999999,8,5210
1007,4346.55,6,5216
1883,4331.5999999999985,10,5226
2506,4302.349999999999,10,5236
144,4296.150000000001,2,5238
831,4294.3499999999985,4,5242
1381,4288.5999999999985,10,5252
362,4281.249999999998,8,5260
2420,4277.75,10,5270
1514,4272.749999999997,9,5279
1100,4267.9,6,5285
2300,4264.65,10,5295
118,4254.2,3,5298
328,4251.999999999999,10,5308
1606,4251.329999999998,10,5318
1434,4250.099999999999,7,5325
1724,4246.049999999999,9,5334
2231,4242.899999999999,7,5341
1266,4241.449999999998,8,5349
2334,4235.0999999999985,9,5358
0,4233.7,7,5365
1578,4231.649999999999,5,5370
594,4216.71,8,5378
2389,4215.699999999998,8,5386
2736,4214.049999999999,5,5391
2659,4211.949999999999,8,5399
2320,4206.999999999999,5,5404
2236,4203.449999999999,4,5408
2224,4200.899999999998,7,5415
296,4200.479999999999,6,5421
1293,4195.249999999999,9,5430
1848,4193.65,10,5440
54,4190.949999999999,8,5448
886,4187.499999999999,7,5455
1579,4182.5999999999985,6,5461
1967,4181.8499999999985,5,5466
919,4179.229999999999,10,5476
2130,4171.3,3,5479
794,4164.9,5,5484
1353,4158.099999999999,6,5490
708,4145.659999999999,10,5500
1783,4143.049999999999,9,5509
238,4141.649999999999,6,5515
1965,4133.799999999998,9,5524
913,4114.549999999999,4,5528
2558,4112.949999999999,7,5535
2061,4110.05,6,5541
83,4103.749999999999,7,5548
1546,4097.7,6,5554
1179,4090.349999999999,4,5558
1262,4077.0999999999995,8,5566
2597,4076.4499999999994,9,5575
1223,4064.8499999999995,3,5578
872,4056.849999999999,9,5587
260,4052.7999999999993,9,5596
1051,4051.3999999999983,10,5606
366,4041.149999999999,10,5616
1600,4040.5899999999974,10,5626
1137,4039.3999999999987,9,5635
1059,4035.6999999999994,8,5643
533,4034.649999999999,6,5649
657,4024.2999999999993,6,5655
2340,4023.35,10,5665
582,4020.9999999999995,4,5669
810,4020.7999999999997,9,5678
1688,4016.65,5,5683
44,4013.679999999999,5,5688
309,4008.9499999999985,6,5694
473,4006.649999999999,4,5698
2482,4005.849999999999,10,5708
368,4002.7999999999997,10,5718
640,4001.5999999999995,9,5727
1815,3998.899999999999,8,5735
1005,3997.9199999999987,4,5739
802,3997.3999999999987,4,5743
956,3992.9499999999994,9,5752
2263,3984.349999999998,5,5757
426,3978.299999999999,4,5761
2295,3977.249999999998,10,5771
169,3971.649999999999,9,5780
348,3968.089999999999,7,5787
849,3960.249999999999,10,5797
2464,3959.399999999999,8,5805
736,3947.5499999999984,9,5814
111,3943.7499999999986,5,5819
1078,3942.4799999999996,5,5824
1746,3939.9999999999986,9,5833
2614,3934.1,10,5843
2543,3929.549999999999,9,5852
38,3925.6499999999996,5,5857
669,3920.429999999999,6,5863
23,3919.049999999999,9,5872
1494,3916.959999999998,10,5882
1568,3915.5,10,5892
379,3915.0999999999995,7,5899
777,3913.399999999999,6,5905
1468,3910.599999999999,9,5914
263,3908.249999999998,7,5921
1235,3907.249999999998,10,5931
339,3903.1999999999985,4,5935
2134,3899.8500000000004,9,5944
2756,3899.5499999999997,6,5950
2456,3895.4999999999995,5,5955
2167,3895.2499999999995,4,5959
1744,3895.1599999999994,6,5965
77,3894.7999999999997,5,5970
584,3886.3499999999985,6,5976
1055,3886.1399999999994,8,5984
2120,3885.3499999999995,9,5993
259,3880.7499999999995,8,6001
853,3879.249999999999,5,6006
875,3873.1999999999985,8,6014
497,3868.099999999999,6,6020
1258,3863.899999999999,6,6026
1576,3863.6999999999994,7,6033
2359,3863.5499999999997,1,6034
1892,3863.019999999999,6,6040
1186,3860.3999999999987,10,6050
1477,3857.649999999999,10,6060
1303,3856.3999999999987,9,6069
1966,3852.85,6,6075
2500,3850.9999999999986,5,6080
2164,3848.2999999999975,10,6090
27,3845.3499999999995,8,6098
1351,3844.9999999999995,10,6108
1105,3836.1499999999987,5,6113
56,3825.0499999999993,6,6119
590,3821.249999999998,3,6122
878,3820.809999999999,7,6129
1856,3815.499999999999,8,6137
1108,3814.3499999999985,8,6145
1994,3801.299999999998,10,6155
929,3798.2499999999995,10,6165
327,3794.8299999999995,6,6171
2222,3788.789999999999,5,6176
1992,3788.5,5,6181
293,3782.5499999999993,6,6187
975,3772.2499999999995,7,6194
1894,3768.6,5,6199
1460,3765.299999999999,8,6207
2014,3764.299999999999,8,6215
451,3763.0499999999993,6,6221
1189,3759.749999999999,4,6225
943,3750.5999999999995,3,6228
2683,3741.549999999999,7,6235
784,3737.4499999999994,6,6241
2606,3723.15,4,6245
2693,3717.449999999999,10,6255
1759,3717.2499999999995,10,6265
1429,3716.07,6,6271
570,3711.469999999999,8,6279
30,3691.1499999999996,5,6284
42,3684.8499999999985,6,6290
656,3672.699999999998,10,6300
697,3672.399999999999,8,6308
268,3668.1699999999987,9,6317
1314,3643.149999999999,7,6324
2154,3639.4099999999994,8,6332
1648,3612.7,3,6335
2180,3607.0499999999993,4,6339
2026,3602.499999999999,7,6346
1698,3601.15,9,6355
971,3600.9499999999994,4,6359
29,3600.5999999999995,3,6362
1002,3596.9499999999985,7,6369
2708,3593.649999999999,9,6378
2305,3592.4999999999986,5,6383
2764,3590.099999999999,4,6387
2774,3589.4199999999983,10,6397
890,3586.399999999999,7,6404
2376,3585.61,4,6408
2629,3585.6000000000004,4,6412
2339,3580.849999999999,10,6422
1099,3579.2499999999995,8,6430
2522,3577.4500000000007,9,6439
1813,3575.849999999998,8,6447
1853,3574.1999999999994,5,6452
2216,3569.4499999999994,8,6460
81,3568.7499999999995,10,6470
2302,3566.6499999999987,7,6477
78,3566.15,3,6480
2661,3566.029999999999,8,6488
2636,3564.4499999999994,9,6497
514,3556.7999999999997,4,6501
322,3555.1999999999994,7,6508
2056,3554.2999999999993,3,6511
637,3554.2999999999984,9,6520
2278,3549.7999999999997,7,6527
2245,3539.9999999999995,6,6533
1804,3539.5499999999984,9,6542
1413,3538.7499999999995,10,6552
1157,3535.949999999999,7,6559
809,3523.999999999998,8,6567
2495,3522.6,8,6575
407,3521.049999999998,10,6585
2762,3515.699999999999,6,6591
2519,3509.5499999999984,5,6596
350,3502.6499999999996,4,6600
860,3501.1499999999996,3,6603
1149,3500.749999999999,9,6612
609,3495.8999999999983,6,6618
612,3492.5999999999985,8,6626
1753,3491.7499999999995,5,6631
1261,3482.9699999999993,10,6641
702,3477.599999999999,5,6646
1017,3477.579999999998,6,6652
1717,3475.149999999999,10,6662
484,3473.949999999999,7,6669
2128,3472.4499999999994,6,6675
1742,3467.5499999999993,7,6682
629,3466.5999999999995,10,6692
26,3465.4499999999994,4,6696
403,3465.199999999998,5,6701
1128,3459.8999999999987,7,6708
1641,3451.2000000000003,2,6710
1629,3448.6499999999987,10,6720
1330,3447.0499999999993,10,6730
374,3444.4999999999986,5,6735
991,3443.599999999999,7,6742
1718,3443.5499999999984,4,6746
265,3443.0999999999995,3,6749
2097,3440.299999999999,7,6756
239,3438.8499999999995,5,6761
2346,3437.15,5,6766
36,3430.2999999999993,9,6775
2474,3422.6000000000004,10,6785
2539,3420.2499999999995,9,6794
532,3415.95,8,6802
2749,3414.4999999999995,6,6808
1508,3400.0499999999993,3,6811
1217,3398.0499999999997,4,6815
2039,3396.149999999999,9,6824
2157,3395.7500000000005,2,6826
2153,3395.55,9,6835
1558,3392.9499999999994,8,6843
576,3391.499999999999,2,6845
2045,3391.449999999998,6,6851
1467,3388.4999999999986,5,6856
624,3387.1499999999996,9,6865
491,3383.999999999999,3,6868
130,3376.249999999999,5,6873
338,3373.499999999999,9,6882
2367,3369.999999999999,5,6887
2310,3369.6999999999994,5,6892
2728,3369.5999999999995,10,6902
1789,3365.27,4,6906
2299,3361.899999999999,4,6910
2382,3355.099999999998,4,6914
100,3351.5499999999997,8,6922
1050,3349.519999999998,9,6931
2249,3348.1499999999996,4,6935
386,3346.4999999999986,6,6941
2731,3343.85,4,6945
632,3343.499999999998,7,6952
510,3342.9999999999986,9,6961
655,3330.3499999999995,7,6968
1118,3326.5999999999985,9,6977
2257,3317.599999999999,10,6987
2181,3316.2999999999993,4,6991
2772,3316.2999999999984,4,6995
273,3315.149999999999,7,7002
2465,3313.6499999999996,3,7005
1246,3305.5499999999997,5,7010
2304,3302.2999999999993,3,7013
895,3301.6299999999997,4,7017
683,3294.4999999999995,4,7021
2227,3272.6899999999996,5,7026
871,3271.5,5,7031
96,3269.6999999999994,1,7032
1754,3267.649999999999,10,7042
16,3264.5499999999997,6,7048
937,3256.2999999999984,4,7052
2618,3240.5999999999995,4,7056
1264,3237.099999999999,5,7061
445,3235.499999999998,7,7068
733,3228.8499999999995,6,7074
2541,3227.999999999999,3,7077
772,3224.449999999999,5,7082
1180,3217.7999999999997,1,7083
765,3217.0499999999993,7,7090
1032,3216.899999999999,10,7100
2294,3211.85,8,7108
408,3209.8399999999992,7,7115
2199,3208.2499999999986,7,7122
2196,3203.749999999999,7,7129
881,3198.8999999999983,10,7139
1740,3198.499999999999,5,7144
1989,3198.4499999999975,7,7151
2210,3196.8,3,7154
1386,3193.1999999999994,10,7164
811,3191.899999999999,5,7169
234,3191.7999999999997,5,7174
2432,3190.7999999999993,9,7183
249,3188.2499999999986,5,7188
1623,3183.999999999999,4,7192
2603,3176.6999999999994,9,7201
2282,3176.5999999999995,6,7207
186,3172.549999999999,4,7211
35,3168.0699999999997,8,7219
1668,3165.149999999999,5,7224
1649,3160.9399999999996,4,7228
787,3160.0699999999983,9,7237
2091,3158.149999999999,6,7243
622,3155.1499999999996,8,7251
427,3149.949999999999,3,7254
2743,3148.6999999999985,10,7264
1194,3146.7999999999993,3,7267
14,3143.899999999999,4,7271
681,3142.7499999999995,4,7275
2175,3133.7999999999993,8,7283
737,3132.7499999999995,10,7293
1462,3131.6999999999994,8,7301
470,3122.7999999999993,6,7307
2717,3121.969999999999,6,7313
2102,3115.399999999999,9,7322
357,3113.8999999999996,9,7331
1094,3103.799999999999,5,7336
796,3100.3499999999995,6,7342
1405,3098.7999999999997,9,7351
446,3094.2999999999997,10,7361
994,3090.399999999999,5,7366
2064,3088.2999999999993,6,7372
1289,3087.95,7,7379
680,3084.85,4,7383
2235,3084.149999999999,2,7385
1228,3081.2999999999993,9,7394
1456,3079.2499999999995,4,7398
568,3078.649999999999,3,7401
1791,3075.2999999999997,6,7407
117,3073.8499999999995,8,7415
2549,3071.7,6,7421
455,3070.2,8,7429
1169,3067.8499999999995,5,7434
1153,3065.6499999999987,6,7440
1135,3062.1,3,7443
1046,3062.0999999999995,2,7445
2029,3060.899999999999,3,7448
1006,3051.2999999999997,4,7452
541,3047.7499999999973,10,7462
823,3042.7399999999984,8,7470
1072,3032.749999999999,9,7479
168,3032.7000000000003,4,7483
1870,3032.3999999999996,2,7485
1591,3029.7499999999995,5,7490
389,3027.2999999999993,10,7500
526,3024.3999999999987,6,7506
1488,3017.7999999999984,9,7515
1064,3010.099999999999,6,7521
965,3003.2999999999993,6,7527
770,2999.7999999999997,3,7530
193,2997.7499999999995,10,7540
1584,2997.599999999998,9,7549
1516,2986.9499999999994,8,7557
2110,2975.4499999999994,4,7561
715,2974.5999999999995,8,7569
1792,2972.849999999999,6,7575
2563,2971.249999999999,4,7579
1739,2968.249999999999,6,7585
496,2961.1899999999996,9,7594
1155,2957.399999999999,10,7604
270,2948.2499999999995,8,7612
2217,2944.5999999999995,5,7617
1175,2938.999999999999,10,7627
893,2935.0999999999995,2,7629
1458,2928.1999999999994,6,7635
1484,2927.7499999999995,6,7641
752,2926.5499999999997,7,7648
2136,2925.3999999999996,7,7655
1886,2925.2499999999986,7,7662
1021,2923.6499999999987,10,7672
1661,2920.1599999999985,9,7681
2072,2919.749999999999,3,7684
2672,2918.65,6,7690
2674,2917.149999999999,4,7694
1357,2916.0999999999995,8,7702
1297,2914.9999999999995,7,7709
2760,2913.899999999998,9,7718
223,2905.949999999999,4,7722
2444,2905.15,2,7724
1800,2903.3999999999996,5,7729
544,2902.849999999999,3,7732
1997,2893.35,4,7736
1790,2889.1699999999987,7,7743
1762,2887.9999999999995,8,7751
2770,2887.8999999999996,4,7755
2491,2887.349999999999,5,7760
405,2885.0999999999995,5,7765
1432,2884.649999999999,7,7772
1603,2880.45,6,7778
2077,2875.9999999999973,9,7787
367,2864.199999999999,5,7792
1646,2854.7999999999997,6,7798
2624,2854.4999999999995,6,7804
1065,2853.7999999999993,9,7813
1485,2849.85,8,7821
766,2849.4499999999975,6,7827
129,2845.2499999999995,7,7834
1922,2842.3499999999976,9,7843
450,2841.499999999999,7,7850
329,2840.2999999999993,10,7860
1505,2840.2499999999986,10,7870
1140,2832.45,9,7879
2441,2828.5499999999993,5,7884
928,2827.849999999999,5,7889
1127,2826.4999999999995,6,7895
2398,2826.4499999999994,2,7897
1233,2826.35,6,7903
2071,2822.0499999999993,5,7908
2640,2821.0999999999995,7,7915
830,2821.049999999999,2,7917
1693,2814.7499999999986,5,7922
2453,2809.0,5,7927
52,2806.2499999999995,5,7932
1060,2805.1999999999994,9,7941
319,2802.1499999999996,6,7947
598,2800.5999999999995,9,7956
987,2797.949999999999,5,7961
2512,2797.899999999999,7,7968
1764,2796.8199999999993,9,7977
2046,2796.5,5,7982
2498,2794.5,2,7984
2284,2794.249999999999,6,7990
529,2793.949999999999,10,8000
2178,2793.1499999999983,9,8009
642,2791.299999999999,9,8018
2650,2790.33,7,8025
575,2788.9499999999994,6,8031
2050,2782.849999999999,10,8041
2013,2778.899999999999,7,8048
2741,2777.249999999999,9,8057
277,2770.8999999999987,5,8062
364,2758.9999999999986,7,8069
2647,2758.449999999999,10,8079
1525,2754.6999999999994,5,8084
739,2753.9499999999994,5,8089
2538,2744.9499999999994,6,8095
1820,2744.6499999999996,8,8103
1538,2737.5599999999986,3,8106
1633,2734.0499999999993,7,8113
2604,2733.1499999999987,6,8119
104,2730.75,4,8123
2209,2728.8999999999996,7,8130
393,2724.749999999999,2,8132
1250,2723.069999999999,4,8136
2722,2722.1999999999985,9,8145
815,2718.2199999999984,6,8151
1362,2717.549999999998,9,8160
2726,2716.6,1,8161
2298,2708.1499999999987,8,8169
1085,2707.879999999999,5,8174
1947,2707.3999999999996,2,8176
620,2703.95,5,8181
1807,2701.5499999999993,9,8190
2107,2698.6499999999996,4,8194
1506,2697.2999999999997,1,8195
2085,2695.5499999999997,6,8201
2649,2692.95,6,8207
306,2690.85,5,8212
433,2686.7999999999993,5,8217
2590,2684.899999999999,5,8222
1654,2684.499999999999,6,8228
2266,2683.9,3,8231
235,2678.5999999999995,9,8240
854,2673.799999999999,9,8249
689,2672.5499999999997,2,8251
1755,2672.4999999999995,10,8261
1316,2668.3099999999995,5,8266
59,2666.6499999999996,9,8275
245,2662.459999999999,6,8281
1901,2659.749999999999,10,8291
844,2657.0499999999993,10,8301
394,2650.749999999999,9,8310
1417,2646.8999999999996,5,8315
1550,2641.05,4,8319
1619,2638.2999999999993,5,8324
1193,2635.6,2,8326
2556,2633.3999999999996,4,8330
146,2628.6999999999994,9,8339
279,2625.049999999999,5,8344
1392,2622.7499999999995,6,8350
1207,2622.1499999999987,3,8353
2438,2622.029999999999,10,8363
755,2619.3499999999995,5,8368
1656,2617.9999999999995,7,8375
255,2617.329999999999,8,8383
1012,2615.3499999999985,3,8386
1172,2614.749999999999,7,8393
1428,2612.95,7,8400
18,2599.3,5,8405
1796,2598.749999999999,6,8411
2122,2595.699999999999,6,8417
489,2594.5500000000006,5,8422
1430,2593.0999999999995,7,8429
1541,2591.5999999999995,10,8439
304,2591.3499999999995,10,8449
1401,2587.6999999999994,9,8458
793,2587.4999999999986,6,8464
1161,2586.9499999999985,5,8469
1774,2584.699999999999,10,8479
1562,2583.1499999999987,7,8486
1926,2582.999999999999,6,8492
138,2582.3,6,8498
616,2581.299999999998,6,8504
2607,2580.95,5,8509
2626,2579.9999999999977,9,8518
22,2577.9999999999995,9,8527
1515,2576.0499999999993,4,8531
2388,2575.9499999999994,9,8540
1178,2572.05,2,8542
757,2564.45,7,8549
1518,2562.2499999999986,10,8559
2678,2562.0000000000005,10,8569
1912,2560.7499999999995,8,8577
2386,2557.429999999999,10,8587
2065,2557.399999999999,4,8591
2691,2554.25,6,8597
1071,2552.249999999999,6,8603
745,2547.599999999999,6,8609
781,2547.4500000000003,3,8612
748,2539.7499999999986,10,8622
2205,2538.199999999999,4,8626
1295,2537.599999999999,7,8633
593,2536.6999999999994,8,8641
1374,2534.849999999999,8,8649
1061,2533.2499999999995,6,8655
601,2531.0,7,8662
1473,2528.749999999999,6,8668
90,2527.3999999999996,10,8678
1925,2525.949999999999,5,8683
660,2524.0499999999993,10,8693
1871,2520.249999999999,6,8699
1969,2517.1499999999996,4,8703
164,2517.1199999999994,5,8708
2412,2510.7499999999995,9,8717
1547,2502.3999999999987,10,8727
1198,2500.5499999999984,9,8736
2773,2499.0499999999997,9,8745
1560,2497.4999999999986,10,8755
1076,2495.7999999999993,6,8761
336,2495.599999999999,5,8766
2366,2494.95,7,8773
1423,2494.6499999999996,6,8779
2400,2493.6,8,8787
653,2491.1999999999994,5,8792
142,2486.749999999999,5,8797
1010,2485.85,2,8799
2054,2485.799999999999,7,8806
758,2480.669999999999,8,8814
1406,2479.999999999999,8,8822
719,2476.8999999999996,5,8827
1296,2476.1999999999994,6,8833
2317,2469.499999999999,6,8839
1720,2468.039999999999,7,8846
1110,2464.6499999999983,10,8856
782,2459.8999999999983,5,8861
2668,2458.7,9,8870
909,2457.5,5,8875
865,2455.6699999999987,8,8883
2445,2454.6999999999994,8,8891
1721,2454.199999999998,6,8897
148,2448.6499999999996,8,8905
880,2447.55,2,8907
536,2444.85,4,8911
1806,2436.899999999999,5,8916
1844,2435.8999999999987,5,8921
791,2435.349999999999,7,8928
1573,2433.619999999998,9,8937
838,2433.3499999999985,7,8944
2687,2429.4499999999994,9,8953
1866,2429.0499999999984,5,8958
2384,2416.639999999999,3,8961
134,2413.0499999999997,5,8966
28,2411.7999999999993,8,8974
1520,2411.2299999999996,3,8977
250,2407.0499999999997,10,8987
588,2405.0999999999995,6,8993
2003,2402.6,3,8996
99,2400.2999999999993,7,9003
1003,2399.1999999999994,1,9004
1402,2392.2,5,9009
1990,2390.3999999999996,6,9015
877,2389.8999999999987,5,9020
2152,2389.4999999999995,5,9025
1644,2381.0499999999993,7,9032
321,2379.849999999999,10,9042
288,2376.95,8,9050
2114,2376.749999999998,8,9058
397,2375.5199999999995,8,9066
207,2374.399999999999,10,9076
1544,2373.9999999999995,10,9086
2104,2372.3999999999996,7,9093
1782,2361.7999999999997,3,9096
1617,2361.449999999999,3,9099
2185,2358.049999999999,8,9107
1216,2357.05,5,9112
1676,2355.009999999999,6,9118
1703,2347.9499999999994,9,9127
1136,2347.0499999999993,5,9132
492,2346.1499999999996,4,9136
1337,2344.6499999999996,5,9141
2483,2338.0499999999997,4,9145
1639,2337.4999999999986,8,9153
892,2333.549999999999,5,9158
668,2331.299999999999,5,9163
2093,2328.7999999999993,4,9167
650,2327.6,4,9171
1553,2325.2599999999984,9,9180
2250,2321.099999999998,8,9188
215,2318.55,3,9191
916,2317.95,1,9192
1898,2317.6499999999996,7,9199
340,2316.7,6,9205
2044,2314.49,4,9209
2504,2312.899999999999,4,9213
1884,2312.199999999999,8,9221
571,2306.15,2,9223
2186,2303.2499999999995,3,9226
1380,2297.7699999999986,7,9233
1113,2297.7,7,9240
754,2297.4999999999995,3,9243
1395,2282.2299999999987,9,9252
2707,2277.7,3,9255
352,2276.7999999999993,9,9264
735,2276.2,3,9267
1650,2274.449999999999,4,9271
133,2273.7,4,9275
1946,2273.2499999999995,2,9277
1242,2273.1,9,9286
1341,2270.5999999999995,5,9291
305,2269.9999999999995,9,9300
920,2268.5699999999993,3,9303
1929,2267.499999999999,8,9311
2652,2263.349999999999,4,9315
1379,2261.399999999999,5,9320
1736,2256.5499999999997,4,9324
2713,2253.2999999999997,1,9325
1342,2251.95,4,9329
2307,2246.749999999999,8,9337
2151,2244.1499999999987,2,9339
1636,2239.749999999999,7,9346
2011,2238.5499999999997,3,9349
1400,2236.249999999999,8,9357
828,2235.2999999999993,4,9361
2034,2222.7699999999995,7,9368
1868,2220.379999999998,8,9376
2032,2219.449999999999,8,9384
2161,2215.7,3,9387
1279,2215.3999999999996,6,9393
704,2212.2999999999993,10,9403
524,2210.249999999999,3,9406
1674,2208.2999999999993,7,9413
1773,2208.099999999999,6,9419
1604,2207.849999999999,2,9421
634,2205.749999999999,4,9425
1482,2202.8499999999995,9,9434
401,2197.25,1,9435
84,2191.099999999999,8,9443
684,2187.6999999999994,9,9452
2113,2186.0999999999995,9,9461
1082,2185.849999999999,9,9470
1350,2179.7999999999993,5,9475
2330,2177.899999999999,3,9478
2546,2172.149999999999,5,9483
1904,2169.7999999999993,6,9489
949,2168.199999999999,6,9495
149,2168.0999999999995,2,9497
769,2165.2499999999995,2,9499
1726,2157.4999999999995,8,9507
161,2157.2999999999997,1,9508
1159,2156.4499999999994,4,9512
1821,2156.3999999999996,3,9515
675,2156.399999999999,3,9518
494,2155.1499999999996,9,9527
2025,2154.7999999999997,7,9534
842,2154.7099999999996,6,9540
1704,2148.2999999999997,8,9548
1537,2143.5499999999997,6,9554
647,2142.05,5,9559
50,2138.389999999999,10,9569
2487,2134.2999999999993,5,9574
1602,2133.2499999999995,5,9579
1206,2130.8499999999995,7,9586
73,2130.5999999999995,7,9593
961,2128.1299999999997,10,9603
335,2127.35,9,9612
2348,2122.4999999999995,6,9618
1001,2120.0999999999995,9,9627
518,2118.8999999999996,7,9634
2505,2117.4,3,9637
2343,2116.2999999999993,3,9640
1605,2115.1499999999996,3,9643
2322,2114.7,9,9652
1823,2113.0899999999997,10,9662
1526,2111.3999999999996,2,9664
1232,2101.25,3,9667
1803,2100.1499999999996,2,9669
486,2097.9,3,9672
512,2097.6499999999996,4,9676
2272,2094.4999999999995,9,9685
1817,2094.1,6,9691
2106,2090.95,8,9699
543,2088.45,2,9701
643,2087.5999999999995,8,9709
2165,2086.0,9,9718
1983,2081.0999999999995,4,9722
1320,2078.3499999999995,5,9727
1200,2078.1699999999996,6,9733
438,2075.1999999999994,7,9740
1761,2073.5,3,9743
2362,2071.9999999999995,2,9745
977,2066.5,6,9751
587,2065.7999999999997,2,9753
565,2064.35,4,9757
236,2063.3500000000004,5,9762
292,2062.8499999999995,7,9769
559,2062.5499999999997,3,9772
1916,2061.75,4,9776
502,2059.9,10,9786
679,2059.3999999999996,7,9793
1627,2057.2,4,9797
602,2047.9500000000003,3,9800
742,2046.4000000000003,3,9803
69,2043.6000000000001,5,9808
2561,2041.4000000000003,6,9814
2765,2036.6000000000001,5,9819
1209,2036.6,1,9820
1271,2033.3200000000004,7,9827
718,2026.9500000000003,8,9835
1945,2026.95,7,9842
1504,2026.5,2,9844
1664,2024.4000000000003,7,9851
1571,2021.1000000000001,10,9861
707,2021.0500000000002,5,9866
2325,2017.15,3,9869
437,2016.9,8,9877
701,2015.2500000000002,7,9884
2463,2012.4499999999998,7,9891
1339,2011.4999999999998,4,9895
1708,2001.2000000000005,8,9903
1111,1998.3500000000001,10,9913
985,1998.1499999999999,3,9916
1502,1998.0000000000002,1,9917
2049,1998.0,1,9918
1139,1997.5000000000002,1,9919
286,1996.7,2,9921
2458,1995.0000000000002,2,9923
2409,1987.6000000000001,4,9927
180,1987.5000000000005,9,9936
1598,1986.8000000000002,10,9946
907,1985.4300000000003,8,9954
914,1982.4,2,9956
1375,1981.9,8,9964
883,1980.6900000000003,2,9966
89,1979.9,7,9973
2619,1977.7500000000002,5,9978
2073,1975.2500000000002,10,9988
974,1974.5,1,9989
2564,1971.7500000000005,2,9991
945,1966.65,7,9998
2490,1965.75,6,10004
1090,1965.15,10,10014
372,1963.9500000000003,5,10019
227,1958.6000000000001,9,10028
2754,1956.0,8,10036
1682,1954.3200000000002,8,10044
1596,1947.3500000000001,3,10047
2426,1946.8500000000001,8,10055
1837,1946.75,5,10060
41,1946.5000000000002,5,10065
2177,1937.3999999999999,6,10071
1785,1935.1500000000003,2,10073
274,1925.15,5,10078
2620,1920.7500000000002,6,10084
461,1920.3,4,10088
2583,1919.4000000000003,10,10098
2383,1913.5500000000002,6,10104
1878,1912.8000000000004,8,10112
1167,1906.7500000000002,3,10115
641,1902.2499999999998,3,10118
2301,1900.4499999999996,2,10120
2006,1897.35,6,10126
764,1894.3500000000001,2,10128
1431,1894.3500000000001,5,10133
798,1893.96,6,10139
797,1893.2500000000002,8,10147
2655,1891.7500000000002,5,10152
224,1887.4500000000005,8,10160
1191,1886.15,4,10164
167,1884.75,1,10165
1158,1883.1,8,10173
2447,1882.2500000000002,4,10177
61,1877.9500000000005,7,10184
2424,1877.65,2,10186
1531,1871.85,10,10196
2411,1866.1499999999999,4,10200
969,1862.4499999999998,8,10208
738,1860.7,5,10213
2392,1859.6000000000004,7,10220
1862,1859.3,4,10224
2036,1857.5000000000005,8,10232
725,1855.4,4,10236
2630,1854.7000000000003,9,10245
833,1850.85,5,10250
158,1850.2,3,10253
1927,1843.5000000000002,4,10257
1126,1842.4499999999998,1,10258
1152,1840.85,7,10265
443,1837.7000000000003,3,10268
1322,1836.0000000000002,1,10269
775,1836.0,6,10275
1490,1826.95,7,10282
1384,1826.95,9,10291
324,1826.95,5,10296
2570,1824.2000000000003,4,10300
750,1824.1000000000001,3,10303
326,1823.8999999999999,6,10309
2737,1818.95,10,10319
283,1818.1,7,10326
282,1815.45,2,10328
1775,1814.1500000000003,9,10337
1942,1805.5500000000004,10,10347
2057,1804.2000000000003,4,10351
1095,1802.9500000000003,8,10359
2214,1802.15,6,10365
1036,1800.0500000000004,1,10366
1982,1797.7500000000002,1,10367
999,1794.7000000000003,6,10373
665,1791.3000000000004,5,10378
1574,1786.6999999999998,3,10381
2287,1784.2500000000002,5,10386
1626,1776.3000000000004,3,10389
2239,1774.26,7,10396
1281,1774.0600000000004,4,10400
1624,1767.2,5,10405
1936,1767.2,7,10412
694,1766.85,7,10419
778,1763.0500000000002,3,10422
1414,1761.9000000000003,7,10429
1908,1759.1300000000003,9,10438
887,1756.5,4,10442
2229,1755.6500000000003,8,10450
222,1755.6000000000001,1,10451
2135,1754.7500000000002,4,10455
1448,1754.6000000000001,9,10464
1818,1754.05,6,10470
548,1752.0500000000002,10,10480
163,1749.0500000000006,6,10486
900,1745.3,4,10490
1697,1745.2000000000005,9,10499
2440,1742.55,4,10503
2259,1738.6500000000003,4,10507
1599,1738.65,1,10508
2144,1737.1500000000003,6,10514
1267,1737.0000000000002,5,10519
1282,1735.75,7,10526
1543,1735.2000000000007,8,10534
2449,1734.7500000000005,6,10540
2053,1728.5,7,10547
1920,1718.25,6,10553
12,1717.8500000000001,7,10560
1988,1716.0000000000007,6,10566
1107,1715.3,3,10569
47,1707.15,4,10573
1491,1699.15,2,10575
1093,1697.1000000000001,4,10579
2234,1696.45,3,10582
493,1694.8500000000001,6,10588
2430,1694.5000000000002,5,10593
827,1686.99,9,10602
2297,1685.7500000000002,5,10607
1493,1682.05,10,10617
2516,1678.6000000000001,4,10621
1015,1676.5000000000002,4,10625
884,1675.8,4,10629
2211,1673.2,3,10632
2288,1672.2,4,10636
2718,1670.1,8,10644
220,1670.05,7,10651
2124,1666.5500000000002,10,10661
1545,1661.8500000000004,7,10668
801,1658.7,3,10671
449,1657.7900000000004,7,10678
673,1657.05,7,10685
1779,1654.4700000000003,7,10692
160,1651.6000000000001,6,10698
412,1649.85,6,10704
2204,1647.25,2,10706
720,1647.25,4,10710
1987,1647.25,2,10712
143,1647.1500000000003,7,10719
2218,1639.6500000000003,6,10725
1938,1635.9,4,10729
2690,1635.9,8,10737
2497,1627.65,4,10741
297,1627.1,7,10748
1009,1626.2400000000005,9,10757
206,1621.7000000000005,5,10762
1287,1620.9000000000003,10,10772
2095,1620.2,5,10777
1445,1617.7000000000003,4,10781
414,1617.3,5,10786
1865,1615.5,3,10789
2752,1614.95,9,10798
2758,1612.55,2,10800
760,1609.3000000000002,4,10804
2315,1607.5500000000004,7,10811
1234,1607.1000000000001,5,10816
2553,1604.2000000000003,4,10820
1239,1602.95,5,10825
2419,1600.9,9,10834
2393,1600.2000000000005,9,10843
1672,1599.7000000000003,7,10850
2142,1599.0,4,10854
37,1598.0,2,10856
2414,1597.4000000000003,6,10862
1439,1596.9800000000002,8,10870
2577,1595.3000000000002,5,10875
1734,1593.2,5,10880
2129,1592.8500000000001,8,10888
2476,1591.8500000000001,6,10894
2179,1588.9,4,10898
1959,1586.1200000000001,2,10900
1510,1583.55,1,10901
1839,1581.4000000000003,8,10909
458,1579.3500000000006,6,10915
747,1577.55,4,10919
1300,1561.6499999999999,3,10922
476,1554.8,5,10927
923,1554.6500000000003,8,10935
586,1552.7500000000002,9,10944
2067,1548.75,5,10949
2425,1548.5500000000004,10,10959
1461,1547.45,8,10967
2545,1546.8000000000002,3,10970
2311,1536.15,2,10972
1512,1535.3000000000002,8,10980
623,1531.05,5,10985
682,1527.9000000000003,7,10992
1336,1527.4500000000003,2,10994
1872,1526.94,1,10995
2750,1526.0500000000002,2,10997
1799,1524.65,8,11005
264,1522.8000000000002,6,11011
135,1521.3,9,11020
2759,1518.0000000000002,6,11026
2656,1517.1500000000008,9,11035
2203,1516.1999999999998,4,11039
1360,1515.25,4,11043
211,1514.3000000000002,6,11049
1499,1514.1499999999999,7,11056
986,1510.9000000000003,8,11064
316,1509.0500000000004,5,11069
1168,1506.8000000000004,6,11075
2658,1505.1,2,11077
2472,1502.9,8,11085
120,1500.8000000000002,6,11091
2679,1500.1900000000003,5,11096
818,1498.35,9,11105
155,1493.8500000000001,5,11110
1014,1492.05,5,11115
2352,1491.75,4,11119
958,1491.3500000000006,7,11126
2404,1489.95,9,11135
2336,1489.4,2,11137
452,1489.0000000000002,7,11144
182,1487.6500000000003,3,11147
392,1486.85,4,11151
1470,1486.8,7,11158
307,1486.5000000000002,5,11163
399,1484.9,4,11167
1016,1483.3500000000001,1,11168
1519,1481.7500000000005,9,11177
434,1479.15,4,11181
785,1479.15,2,11183
225,1479.1499999999999,1,11184
1978,1478.15,4,11188
2174,1477.65,4,11192
816,1476.3,3,11195
1210,1468.6500000000003,10,11205
1766,1467.55,1,11206
998,1467.4,1,11207
1896,1460.2500000000005,10,11217
2353,1458.3000000000002,3,11220
1825,1453.2,3,11223
67,1453.2,2,11225
521,1451.45,3,11228
1780,1451.0500000000004,5,11233
630,1449.9500000000003,2,11235
2651,1447.3000000000002,5,11240
1530,1445.85,2,11242
421,1444.1500000000003,10,11252
1864,1443.05,9,11261
2397,1438.2000000000003,1,11262
547,1437.6000000000001,8,11270
1398,1436.3999999999999,3,11273
150,1428.3500000000001,4,11277
2063,1427.8500000000001,8,11285
1323,1425.7,4,11289
723,1424.0800000000002,7,11296
525,1423.1400000000003,6,11302
727,1423.1000000000001,3,11305
2514,1419.6000000000001,7,11312
2643,1418.5000000000005,6,11318
687,1418.0000000000002,8,11326
2503,1417.0000000000007,4,11330
240,1415.8500000000001,7,11337
1778,1415.6500000000003,8,11345
175,1414.1999999999998,7,11352
1812,1411.5500000000002,3,11355
1145,1407.6499999999999,4,11359
788,1406.5500000000002,3,11362
1443,1403.5500000000002,4,11366
2609,1401.3,1,11367
2212,1400.5000000000005,8,11375
2528,1397.95,5,11380
1805,1396.8000000000002,3,11383
64,1395.8500000000001,2,11385
2286,1393.95,5,11390
178,1393.3000000000002,9,11399
1968,1390.7000000000005,3,11402
1455,1387.85,8,11410
2689,1387.65,4,11414
2714,1384.3000000000002,4,11418
2486,1382.1499999999999,1,11419
1238,1380.6000000000004,6,11425
1170,1379.9000000000003,10,11435
1565,1377.7,1,11436
1781,1377.0,1,11437
1063,1374.0000000000002,8,11445
2645,1373.45,7,11452
116,1373.1,7,11459
1552,1372.1200000000001,7,11466
1481,1370.4,10,11476
2471,1363.3000000000004,5,11481
1690,1355.75,3,11484
62,1351.2000000000003,7,11491
2327,1350.8000000000002,8,11499
2040,1349.4,2,11501
2662,1347.75,6,11507
882,1347.75,1,11508
114,1347.75,4,11512
662,1347.3,3,11515
894,1347.2600000000002,5,11520
1665,1339.8,3,11523
203,1329.3,8,11531
2485,1328.3,1,11532
749,1326.3,6,11538
2581,1323.8500000000001,7,11545
2395,1323.85,3,11548
2338,1323.45,3,11551
2100,1323.45,1,11552
2096,1322.7000000000003,10,11562
31,1319.34,1,11563
2192,1318.3500000000001,3,11566
230,1316.7,3,11569
1310,1316.7,4,11573
1899,1313.9500000000003,4,11577
2262,1312.3000000000002,5,11582
1745,1310.35,3,11585
1609,1310.35,2,11587
1201,1303.45,4,11591
1669,1300.5000000000005,8,11599
931,1300.15,5,11604
856,1297.65,7,11611
233,1297.5,3,11614
109,1296.7500000000002,5,11619
2530,1296.75,4,11623
2076,1293.5000000000002,1,11624
2720,1291.95,2,11626
1867,1291.1999999999998,5,11631
703,1284.9000000000003,9,11640
1567,1284.65,4,11644
2090,1284.3000000000004,3,11647
800,1283.6000000000006,7,11654
121,1282.8,3,11657
1838,1280.2,4,11661
2016,1279.68,7,11668
2712,1278.4,2,11670
2517,1276.8000000000002,7,11677
2030,1275.0,4,11681
2251,1271.9,8,11689
1288,1269.95,6,11695
1355,1268.6000000000001,5,11700
1961,1264.65,5,11705
2634,1264.5000000000002,8,11713
1106,1263.55,2,11715
464,1262.8500000000001,9,11724
334,1261.1999999999998,3,11727
915,1261.0,4,11731
1306,1257.8,4,11735
1056,1256.2500000000002,5,11740
281,1254.9500000000003,6,11746
1028,1252.1000000000004,10,11756
1944,1249.65,3,11759
1426,1248.4500000000003,2,11761
667,1246.7000000000005,2,11763
542,1238.6000000000001,8,11771
1333,1238.55,1,11772
874,1231.5000000000002,9,11781
825,1231.4000000000003,4,11785
2434,1229.6500000000003,6,11791
1044,1228.95,10,11801
247,1228.15,3,11804
957,1227.95,3,11807
287,1225.48,10,11817
197,1222.21,6,11823
112,1219.11,5,11828
992,1215.3400000000004,7,11835
621,1213.3500000000001,2,11837
2369,1213.35,6,11843
924,1210.25,5,11848
1077,1206.6000000000001,3,11851
1031,1206.0000000000002,10,11861
1991,1205.45,4,11865
244,1202.0500000000002,10,11875
2190,1201.9,6,11881
1190,1199.3000000000002,6,11887
1472,1198.5,4,11891
1182,1197.5500000000002,4,11895
2141,1195.3000000000002,6,11901
1096,1190.65,7,11908
1436,1188.3000000000002,6,11914
743,1184.15,4,11918
1091,1183.55,4,11922
824,1177.5000000000002,4,11926
2357,1174.6000000000004,6,11932
172,1170.8,6,11938
2622,1168.9000000000003,8,11946
1451,1168.05,3,11949
33,1164.35,1,11950
864,1162.55,4,11954
2744,1161.15,5,11959
563,1158.1000000000001,7,11966
674,1157.35,5,11971
415,1157.1,1,11972
2730,1152.85,3,11975
49,1152.55,4,11979
1846,1151.5499999999995,6,11985
722,1148.8,2,11987
1039,1147.5000000000002,5,11992
1122,1141.6,3,11995
692,1140.0500000000002,7,12002
1326,1133.8500000000001,7,12009
934,1132.45,2,12011
2149,1131.8500000000001,4,12015
1592,1129.95,9,12024
1715,1127.1900000000003,3,12027
106,1124.55,3,12030
189,1122.75,8,12038
685,1119.3000000000002,5,12043
2150,1118.9000000000003,3,12046
2041,1118.6000000000001,5,12051
604,1116.8500000000004,5,12056
2727,1116.5500000000002,6,12062
696,1115.8500000000001,2,12064
2022,1115.3000000000002,5,12069
1607,1113.2,3,12072
857,1108.1499999999999,1,12073
1996,1107.3,3,12076
1769,1106.5000000000002,6,12082
1640,1106.0500000000002,6,12088
2371,1101.6,2,12090
843,1101.2,5,12095
2285,1100.75,3,12098
980,1100.5500000000002,3,12101
1265,1100.5500000000002,4,12105
1024,1099.0,3,12108
1259,1094.95,2,12110
258,1094.5,1,12111
902,1086.0000000000002,8,12119
2279,1085.6500000000003,10,12129
1074,1080.55,8,12137
34,1078.65,9,12146
1315,1078.2,1,12147
540,1069.05,5,12152
2198,1063.95,10,12162
2132,1063.95,2,12164
1066,1062.3500000000001,8,12172
289,1057.3000000000002,4,12176
509,1048.95,5,12181
1498,1048.25,2,12183
53,1047.0,9,12192
2274,1045.2,5,12197
2492,1042.1000000000001,9,12206
2051,1038.0,6,12212
1535,1037.3999999999999,1,12213
2314,1036.3500000000001,7,12220
1286,1034.5500000000002,7,12227
11,1033.2,8,12235
213,1032.6000000000001,9,12244
2403,1031.8,3,12247
2126,1029.4,5,12252
212,1023.4500000000003,9,12261
1075,1021.3000000000001,5,12266
1555,1020.0500000000001,4,12270
583,1018.3000000000001,1,12271
1910,1018.3,1,12272
2086,1017.8500000000001,4,12276
1199,1012.05,2,12278
1433,1010.7500000000001,6,12284
2536,1010.1,3,12287
2681,1010.0999999999999,1,12288
2547,1008.2500000000002,5,12293
2092,1005.5500000000002,2,12295
552,1004.85,1,12296
365,1000.5000000000002,8,12304
1885,997.4500000000002,4,12308
45,993.85,3,12311
356,993.6000000000001,7,12318
807,993.5000000000001,3,12321
1788,988.35,2,12323
1317,988.35,3,12326
1503,986.85,5,12331
2060,986.1,2,12333
2617,985.8000000000001,1,12334
1975,983.95,6,12340
2508,980.9,2,12342
921,980.55,5,12347
898,977.5500000000001,4,12351
1151,977.35,3,12354
199,976.6999999999999,2,12356
1949,976.0500000000003,10,12366
1030,975.2000000000002,4,12370
996,974.8500000000004,6,12376
469,973.9500000000002,5,12381
2358,968.9500000000005,4,12385
2509,967.3500000000001,6,12391
819,965.15,1,12392
382,965.15,5,12397
967,964.8,5,12402
1743,964.7000000000004,10,12412
776,964.5000000000001,7,12419
1570,963.5999999999999,1,12420
196,961.3,4,12424
1119,958.3000000000001,2,12426
2226,957.55,6,12432
1098,951.2500000000001,6,12438
1181,950.5000000000001,10,12448
1921,950.45,3,12451
2292,949.3700000000002,6,12457
210,949.0000000000003,7,12464
1411,948.95,10,12474
1160,947.2400000000001,2,12476
2454,946.8500000000001,8,12484
1979,943.95,2,12486
1299,940.9500000000003,7,12493
1655,939.17,4,12497
829,937.6500000000002,2,12499
2099,934.9500000000002,5,12504
1890,932.4000000000001,4,12508
698,932.1,3,12511
955,930.75,2,12513
1419,929.75,7,12520
1849,925.0999999999999,3,12523
981,922.5700000000003,6,12529
2677,918.8500000000001,1,12530
768,918.5,3,12533
901,918.1500000000001,7,12540
1019,918.0000000000001,1,12541
2112,917.7000000000002,5,12546
1349,917.7,4,12550
2740,917.7,1,12551
1923,908.25,1,12552
48,903.4999999999999,8,12560
2692,902.2500000000001,3,12563
1534,897.35,10,12573
1146,895.0,2,12575
1213,890.4000000000002,3,12578
480,881.5500000000001,5,12583
1365,880.8000000000001,7,12590
1642,879.56,1,12591
1767,878.9000000000001,2,12593
1147,868.5500000000001,1,12594
1073,863.3000000000002,10,12604
1895,863.1000000000001,2,12606
1067,861.5999999999999,1,12607
79,861.5999999999999,2,12609
917,856.5300000000001,4,12613
2002,856.35,1,12614
485,851.2500000000003,7,12621
1952,849.15,1,12622
2579,848.0,3,12625
2554,845.82,3,12628
205,844.58,8,12636
2657,843.65,1,12637
573,838.6,4,12641
1465,838.6,1,12642
97,838.5500000000001,6,12648
1052,837.9,5,12653
771,837.6000000000001,7,12660
1517,836.4,4,12664
94,833.8500000000003,8,12672
406,829.8000000000003,5,12677
1934,828.9000000000002,5,12682
353,824.4,2,12684
1937,822.4000000000001,5,12689
475,820.55,4,12693
551,820.5000000000002,7,12700
2596,820.1000000000001,2,12702
1795,819.9500000000002,4,12706
2168,815.85,4,12710
1459,811.1000000000001,4,12714
1452,810.9000000000002,9,12723
1254,807.0800000000002,8,12731
2532,805.0000000000002,8,12739
639,804.45,2,12741
2321,803.0500000000003,5,12746
866,798.0000000000001,4,12750
1758,798.0,2,12752
1881,786.7500000000001,6,12758
1129,786.3000000000001,5,12763
2238,783.6500000000003,10,12773
2228,781.8500000000003,6,12779
2663,781.5000000000006,6,12785
2416,780.3000000000002,5,12790
1873,780.2000000000002,8,12798
625,779.4499999999999,4,12802
2591,778.5,8,12810
1956,776.8,3,12813
1725,772.45,9,12822
2675,766.2500000000001,7,12829
1569,759.0500000000001,1,12830
1608,757.58,5,12835
2407,757.35,2,12837
1977,752.55,1,12838
821,751.1,4,12842
1533,749.5100000000002,3,12845
2480,747.5500000000001,3,12848
706,747.45,3,12851
1776,747.3000000000001,2,12853
1269,743.1500000000001,8,12861
2451,738.2500000000002,6,12867
528,736.4500000000002,4,12871
2767,733.7,1,12872
2664,729.8000000000004,4,12876
2345,728.2,4,12880
608,719.64,2,12882
2427,719.53,7,12889
2042,719.4000000000001,7,12896
2654,718.8000000000001,4,12900
1004,717.7500000000003,6,12906
1637,715.85,8,12914
1035,713.8500000000001,6,12920
2709,708.0,2,12922
1134,706.6500000000001,3,12925
1185,699.8400000000001,3,12928
1092,694.7500000000003,7,12935
2534,691.6,8,12943
1421,691.0500000000002,3,12946
936,688.85,2,12948
1231,687.5700000000002,4,12952
251,686.55,3,12955
1298,685.85,2,12957
699,685.85,3,12960
2402,682.1,4,12964
1548,681.7500000000001,6,12970
2715,681.0500000000001,7,12977
859,679.1500000000001,2,12979
2020,679.1500000000001,1,12980
1824,679.1500000000001,1,12981
1528,678.65,3,12984
1851,678.3000000000001,2,12986
2158,677.9500000000002,3,12989
2755,676.6,3,12992
1114,676.3500000000003,2,12994
1972,675.7500000000001,1,12995
1321,674.6999999999999,9,13004
891,674.5000000000001,3,13007
2703,671.8500000000001,4,13011
177,671.6500000000001,5,13016
46,669.7,5,13021
2475,668.5500000000001,5,13026
351,668.4000000000001,9,13035
2202,667.7,6,13041
2459,667.5000000000003,9,13050
515,664.15,5,13055
1311,664.15,2,13057
2565,661.1500000000001,7,13064
1464,658.95,4,13068
395,658.9000000000001,2,13070
1372,658.9,1,13071
98,658.75,8,13079
499,658.6500000000001,2,13081
1831,658.35,2,13083
2401,658.35,7,13090
2588,657.75,4,13094
1566,656.3500000000001,3,13097
7,649.3500000000001,1,13098
1416,647.65,8,13106
1120,646.75,2,13108
762,646.35,7,13115
2182,646.2,1,13116
488,636.9000000000004,10,13126
1373,636.8,6,13132
2642,634.5500000000001,2,13134
1345,633.4,3,13137
1523,623.2500000000001,4,13141
354,623.2000000000002,4,13145
1171,621.1500000000002,7,13152
564,620.1,4,13156
1174,619.6500000000001,7,13163
2766,619.65,7,13170
1117,614.25,6,13176
2116,608.4000000000001,4,13180
1500,606.9499999999999,2,13182
1841,606.1000000000001,1,13183
474,599.7,1,13184
2477,599.0,3,13187
2170,597.8000000000002,10,13197
1040,597.1,5,13202
539,597.0,5,13207
873,596.85,1,13208
101,595.1,8,13216
1819,590.6999999999999,3,13219
1382,588.5500000000001,4,13223
1680,588.3000000000001,2,13225
1906,585.1500000000001,2,13227
1716,580.35,5,13232
710,578.1,9,13241
1832,577.2500000000001,3,13244
2323,572.4,4,13248
1176,570.9,2,13250
1203,569.8000000000002,2,13252
166,569.1,6,13258
896,568.4,6,13264
2450,567.1000000000003,2,13266
2024,565.8000000000001,3,13269
107,565.2,7,13276
1993,564.45,4,13280
425,563.5500000000001,3,13283
979,562.1,3,13286
780,561.8000000000002,5,13291
973,558.25,3,13294
1483,558.25,2,13296
876,556.45,8,13304
611,545.9499999999999,4,13308
1941,545.7700000000001,7,13315
2055,543.9,2,13317
1329,543.9,2,13319
910,541.6700000000001,3,13322
646,539.7,8,13330
2775,538.6000000000001,2,13332
2457,532.6500000000001,2,13334
1638,532.65,7,13341
1786,532.59,1,13342
645,528.9,5,13347
1556,526.7499999999999,6,13353
257,526.35,1,13354
1705,522.6,6,13360
1689,519.35,1,13361
2247,517.4499999999999,4,13365
2732,517.4,3,13368
2466,515.25,7,13375
2719,514.4999999999999,6,13381
2467,510.1499999999999,2,13383
1225,509.15,2,13385
1371,504.9,5,13390
1955,499.05,4,13394
1924,495.5999999999999,7,13401
2241,492.0999999999999,8,13409
2473,491.8499999999999,5,13414
370,491.35,3,13417
373,487.54999999999995,1,13418
88,479.40000000000003,9,13427
2648,479.4,2,13429
1023,477.59999999999997,1,13430
2513,476.0,2,13432
600,471.95,2,13434
1284,470.05,2,13436
87,468.15,7,13443
2418,467.24999999999994,3,13446
159,466.0,7,13453
1984,465.0999999999999,5,13458
1131,463.0999999999999,4,13462
1757,461.15,7,13469
2309,459.8499999999999,5,13474
1777,457.7,4,13478
3,457.42,6,13484
204,450.85,7,13491
1814,449.25,7,13498
122,446.59999999999997,4,13502
863,441.15,1,13503
2125,440.29999999999995,1,13504
2293,439.45,5,13509
1540,439.45,3,13512
1435,438.8999999999999,8,13520
1150,438.44999999999993,1,13521
2232,437.79999999999995,5,13526
2542,437.24999999999994,2,13528
228,437.24999999999994,3,13531
1643,435.59999999999997,2,13533
75,434.5,1,13534
912,431.44999999999993,3,13537
852,427.34999999999997,1,13538
1667,427.34999999999997,2,13540
1018,423.1,5,13545
2521,421.69999999999993,9,13554
2572,421.24999999999994,3,13557
2075,420.95,4,13561
700,419.29999999999995,3,13564
147,419.0499999999999,4,13568
869,417.1499999999999,5,13573
10,411.29999999999995,9,13582
1366,406.46999999999997,2,13584
2599,405.04999999999995,3,13587
545,404.6,4,13591
2585,402.9,1,13592
2399,399.6000000000001,2,13594
1358,399.50000000000006,2,13596
868,397.03000000000003,10,13606
2479,395.79999999999995,3,13609
2484,395.54999999999995,4,13613
1928,395.2,6,13619
5,395.0,5,13624
1933,394.19999999999993,4,13628
1681,393.24999999999994,6,13634
574,391.34999999999997,4,13638
381,389.34999999999997,3,13641
1859,389.34999999999997,1,13642
1475,389.25,3,13645
855,388.7999999999999,8,13653
2119,388.49999999999994,4,13657
219,386.84999999999997,4,13661
2372,381.6,2,13663
837,379.04999999999995,3,13666
345,376.25,9,13675
1313,371.15,8,13683
1597,368.90000000000003,2,13685
20,366.84999999999997,5,13690
2428,363.3,1,13691
1008,359.4,3,13694
1827,359.4,7,13701
1081,358.2,2,13703
744,351.05,1,13704
1960,350.1499999999999,9,13713
717,347.49999999999994,3,13716
1542,341.04999999999995,2,13718
1112,338.29999999999995,1,13719
495,337.35,5,13724
300,337.34999999999997,1,13725
678,337.34999999999997,4,13729
537,335.4,3,13732
2329,331.65,6,13738
420,329.45,7,13745
2197,329.4,3,13748
157,328.4,7,13755
2118,326.54999999999995,7,13762
201,315.19999999999993,3,13765
55,310.79999999999995,2,13767
1219,307.15,7,13774
385,305.15,4,13778
1536,305.15,1,13779
1034,304.15,2,13781
2751,301.23,6,13787
262,299.5,5,13792
789,299.5,1,13793
2258,299.24999999999994,2,13795
1196,298.34999999999997,1,13796
2685,298.0,1,13797
2725,297.5,4,13801
2602,294.15000000000003,1,13802
2757,287.35,7,13809
2653,287.25,2,13811
1811,287.2,10,13821
591,283.2,4,13825
375,279.29999999999995,2,13827
615,275.59999999999997,5,13832
1692,275.4,1,13833
2052,275.1,2,13835
1049,273.7,1,13836
1130,269.55,3,13839
2230,262.34999999999997,4,13843
330,261.8,2,13845
1733,261.45,3,13848
1229,259.5,3,13851
102,259.5,1,13852
644,259.5,2,13854
1563,259.34999999999997,2,13856
202,258.34999999999997,3,13859
1026,255.2,3,13862
95,253.99999999999997,2,13864
1020,250.79999999999998,2,13866
2669,248.74999999999997,1,13867
686,246.04999999999998,3,13870
2221,245.54999999999998,6,13876
2308,241.54999999999995,3,13879
217,240.54999999999995,5,13884
1396,239.39999999999998,4,13888
808,239.39999999999998,4,13892
1613,239.39999999999995,6,13898
179,237.44999999999993,7,13905
531,236.70000000000002,3,13908
2635,235.39999999999995,7,13915
1278,233.54999999999998,1,13916
1647,229.5,2,13918
523,228.84999999999997,4,13922
343,223.29999999999995,3,13925
241,222.69999999999996,5,13930
463,219.59999999999997,3,13933
654,217.55,7,13940
1165,217.25,1,13941
1480,215.39999999999998,1,13942
648,214.64999999999998,6,13948
1620,214.20000000000002,6,13954
1564,211.49999999999997,3,13957
1025,209.65,1,13958
2633,207.6,4,13962
2139,207.59999999999997,2,13964
1102,207.2,4,13968
1772,197.49999999999997,4,13972
2351,197.45,5,13977
1424,197.44999999999996,3,13980
805,196.29999999999995,4,13984
2018,191.39999999999998,2,13986
435,189.85,4,13990
2587,189.34999999999997,6,13996
2368,187.4,5,14001
1628,184.54999999999995,4,14005
2493,181.64999999999998,1,14006
1307,181.64999999999998,2,14008
1976,181.29999999999995,3,14011
1891,179.85000000000002,2,14013
2081,179.8,4,14017
940,179.54999999999998,5,14022
2283,174.89999999999998,2,14024
2023,174.19999999999993,5,14029
659,167.64999999999998,6,14035
2686,167.34999999999997,7,14042
376,160.64999999999998,4,14046
92,159.8,4,14050
803,159.8,6,14056
1658,159.75,4,14060
378,159.75,5,14065
1741,159.6,3,14068
908,159.6,1,14069
2435,151.04999999999998,1,14070
1197,149.85000000000002,2,14072
448,149.75,3,14075
71,149.75,3,14078
209,149.75,7,14085
2162,149.6,9,14094
2573,145.85,6,14100
836,144.95,5,14105
398,139.65,2,14107
2007,139.65,1,14108
1581,139.65,6,14114
377,139.64999999999998,1,14115
2468,139.6,4,14119
1999,132.7,4,14123
1328,131.7,9,14132
2469,129.75,1,14133
1532,127.7,2,14135
481,127.60000000000001,1,14136
2551,127.60000000000001,3,14139
2332,124.95,1,14140
171,119.9,4,14144
275,119.85000000000001,2,14146
729,119.85000000000001,2,14148
2027,119.85000000000001,2,14150
2688,119.85,3,14153
402,119.8,7,14160
1088,119.7,5,14165
1748,119.4,3,14168
1253,119.39999999999999,2,14170
500,119.25,2,14172
804,119.0,1,14173
284,114.75000000000001,8,14181
767,114.75,5,14186
40,114.55000000000001,1,14187
734,113.7,7,14194
1843,112.6,3,14197
596,111.65,7,14204
944,111.64999999999999,6,14210
1622,107.9,9,14219
835,107.7,4,14223
603,103.8,1,14224
214,103.7,8,14232
1694,102.8,4,14236
1257,99.9,3,14239
1343,99.75,1,14240
58,95.7,5,14245
295,90.64999999999999,3,14248
1919,89.95,4,14252
1687,89.9,2,14254
1084,89.85,2,14256
331,89.85,1,14257
1657,89.85,6,14263
2291,84.75,3,14266
462,83.7,6,14272
2021,79.95,3,14275
15,79.95,3,14278
2361,79.9,1,14279
1047,79.9,1,14280
1101,79.9,2,14282
136,79.9,3,14285
599,79.8,3,14288
2225,79.8,7,14295
2559,79.8,1,14296
2146,79.75,3,14299
922,79.75,4,14303
195,77.85,2,14305
128,77.85,4,14309
2552,71.8,4,14313
1154,71.55,2,14315
942,70.8,5,14320
1363,69.9,2,14322
997,69.65,3,14325
2520,65.85,5,14330
187,63.8,2,14332
312,63.8,2,14334
1618,59.95,1,14335
2422,59.95,5,14340
2448,59.95,3,14343
1184,59.95,3,14346
57,59.9,3,14349
988,59.9,4,14353
1334,59.9,4,14357
2111,59.9,4,14361
1068,59.849999999999994,2,14363
2313,59.849999999999994,3,14366
1368,59.849999999999994,3,14369
517,55.9,5,14374
170,53.849999999999994,1,14375
2455,52.75,8,14383
2001,51.9,4,14387
318,51.9,4,14391
93,51.9,9,14400
1123,51.9,4,14404
2502,51.9,1,14405
2580,51.8,1,14406
2373,49.95,4,14410
1249,49.95,1,14411
2696,48.75,6,14417
899,47.9,3,14420
960,47.849999999999994,2,14422
2729,47.849999999999994,6,14428
1684,47.849999999999994,1,14429
946,47.849999999999994,1,14430
1675,45.9,4,14434
188,45.9,10,14444
2721,45.9,4,14448
1670,45.9,3,14451
906,39.98,4,14455
2470,39.95,2,14457
506,39.95,1,14458
70,39.95,1,14459
472,39.95,3,14462
870,39.9,2,14464
1621,39.9,3,14467
1907,39.9,3,14470
1616,39.9,5,14475
383,39.9,1,14476
2589,39.9,3,14479
1974,39.9,2,14481
2244,39.9,4,14485
2381,39.75,2,14487
2638,39.75,4,14491
2267,38.849999999999994,2,14493
1611,37.9,3,14496
1751,37.849999999999994,6,14502
534,35.95,1,14503
337,35.9,5,14508
1663,35.9,3,14511
396,31.9,2,14513
2237,31.9,1,14514
72,31.9,1,14515
1204,31.9,6,14521
232,31.9,5,14526
2043,29.95,1,14527
141,29.95,2,14529
2413,29.95,1,14530
1497,29.7,3,14533
1332,25.95,4,14537
1354,25.95,6,14543
2747,25.95,3,14546
989,25.95,5,14551
2277,25.95,2,14553
298,23.7,2,14555
1798,22.95,2,14557
2326,22.95,4,14561
558,22.95,2,14563
1816,19.95,1,14564
688,19.95,2,14566
820,19.95,1,14567
140,19.95,1,14568
1364,19.95,3,14571
1549,17.95,6,14577
1241,17.95,5,14582
1877,17.95,2,14584
516,17.95,2,14586
125,15.95,1,14587
2408,15.95,1,14588
2169,15.95,1,14589
1163,15.95,2,14591
832,15.95,3,14594
740,15.95,3,14597
1711,15.9,7,14604
2047,12.95,4,14608
1889,12.95,5,14613
1226,12.95,2,14615
2460,12.95,2,14617
468,11.850000000000001,5,14622
1387,11.850000000000001,4,14626
2080,10.95,4,14630
783,9.99,1,14631
2524,9.95,3,14634
2201,8.95,6,14640
2270,7.95,3,14643
218,7.95,4,14647
1770,7.95,4,14651
1930,7.95,3,14654
2242,7.95,5,14659
561,7.95,2,14661
1486,4.95,1,14662
1466,0.0,3,14665
636,0.0,1,14666
1590,0.0,2,14668
1752,0.0,2,14670
2437,0.0,3,14673
2761,0.0,1,14674
578,0.0,1,14675
1042,0.0,4,14679
1272,0.0,1,14680
1394,0.0,1,14681
930,0.0,3,14684
1587,0.0,2,14686
363,0.0,3,14689
972,0.0,4,14693
391,0.0,3,14696
1415,0.0,1,14697
254,0.0,6,14703
1630,0.0,2,14705
817,0.0,1,14706
2280,0.0,1,14707
124,0.0,2,14709
1312,0.0,5,14714
317,0.0,3,14717
2337,0.0,2,14719
592,0.0,1,14720
2436,0.0,1,14721
732,0.0,4,14725
360,0.0,3,14728
1802,0.0,4,14732
2213,0.0,3,14735
1970,0.0,4,14739
2406,0.0,1,14740
2105,0.0,2,14742
1162,0.0,1,14743
1662,0.0,1,14744
1290,0.0,1,14745
2568,0.0,1,14746
126,0.0,3,14749
721,0.0,6,14755
672,0.0,5,14760
429,0.0,1,14761
285,0.0,8,14769
1833,0.0,1,14770
1037,0.0,7,14777
1615,0.0,9,14786
2328,0.0,7,14793
2496,0.0,2,14795
1029,0.0,2,14797
1727,0.0,3,14800
1301,0.0,1,14801
113,0.0,7,14808
2711,0.0,3,14811
964,0.0,1,14812
483,0.0,6,14818
538,0.0,2,14820
2363,0.0,3,14823
2670,0.0,2,14825
607,0.0,2,14827
2121,0.0,1,14828
479,0.0,2,14830
1324,0.0,2,14832
567,0.0,2,14834
2494,0.0,3,14837
2012,0.0,3,14840
1673,0.0,9,14849
2576,0.0,3,14852
2172,0.0,3,14855
888,0.0,7,14862
2219,0.0,5,14867
2140,0.0,5,14872
