block_id,gain_per_block,n_products,product_cumsum
1580,129010.45,8,8
812,127505.04999999999,8,16
2233,122435.84999999999,8,24
388,84092.84999999999,8,32
2306,82079.84999999999,3,35
2574,70875.09999999998,10,45
1143,67033.65,10,55
2666,66941.25000000001,10,65
2000,65928.65,5,70
387,64019.299999999996,8,78
1554,59318.25,10,88
569,58050.76000000001,10,98
2207,57790.79999999999,10,108
1211,57441.299999999996,9,117
990,56948.3,9,126
1551,55286.12000000001,5,131
303,54678.49999999999,7,138
2571,54027.55,10,148
4,54010.3,10,158
442,53304.2,10,168
2037,52133.85,4,172
2163,50977.15,9,181
482,50425.549999999996,6,187
487,50151.34,8,195
1489,49744.299999999996,7,202
1546,49092.7,6,208
110,46928.34999999999,10,218
2208,46335.399999999994,5,223
2735,46204.9,10,233
2578,45687.799999999996,5,238
290,45324.049999999996,10,248
1964,44733.69,9,257
2446,44553.49999999999,6,263
1750,44128.6,8,271
2359,43876.75,1,272
651,43673.5,9,281
314,42852.590000000004,10,291
1033,41551.299999999996,9,300
1221,41454.649999999994,9,309
1418,40543.899999999994,6,315
1474,40127.049999999996,7,322
2410,39820.15,6,328
358,39650.82,7,335
1353,39561.24999999999,6,341
2734,39530.75,9,350
1212,38986.45,9,359
2417,38802.049999999996,8,367
918,37812.200000000004,9,376
553,37668.69999999999,8,384
1303,37208.8,9,393
560,37066.9,8,401
726,36800.799999999996,10,411
9,36665.74999999999,6,417
216,36197.55,7,424
779,36100.0,7,431
2394,35979.85,7,438
63,35706.549999999996,7,445
1747,35582.100000000006,10,455
2515,35236.0,5,460
498,35033.25,10,470
2433,34701.16999999999,9,479
851,34196.3,10,489
439,34051.6,1,490
294,33819.049999999996,7,497
418,33532.15,9,506
1121,33491.2,10,516
938,33470.899999999994,7,523
1671,33447.950000000004,7,530
806,33295.65,6,536
1572,33252.7,6,542
2566,33226.5,6,548
1476,33172.840000000004,10,558
0,32816.5,7,565
1446,32757.000000000007,10,575
242,32632.0,8,583
108,32281.800000000003,7,590
2123,32248.35,8,598
2109,32218.050000000003,8,606
256,32163.6,6,612
428,31953.239999999998,9,621
315,31928.7,8,629
2159,31889.8,5,634
2058,31499.75,8,642
1104,31243.8,3,645
995,31180.449999999997,4,649
1495,31121.150000000005,10,659
473,31080.5,4,663
1153,31013.75,6,669
2087,30771.299999999996,10,679
507,30572.25,5,684
1124,29901.249999999996,9,693
1348,29889.2,6,699
2478,29760.92,10,709
612,29620.4,8,717
1874,29547.8,9,726
2748,29435.95,7,733
2048,29376.450000000004,9,742
2143,29246.349999999995,10,752
27,29113.85,8,760
2264,29061.050000000003,8,768
80,28922.85,8,776
2488,28835.7,9,785
2173,28808.249999999996,6,791
1809,28656.499999999996,9,800
436,28623.7,6,806
530,28452.999999999996,10,816
702,28419.699999999997,5,821
478,28360.25,10,831
2391,28116.75,4,835
1589,28096.05,7,842
1283,28022.340000000004,9,851
846,27931.899999999998,8,859
831,27823.550000000003,4,863
1043,27624.399999999998,8,871
1352,27603.100000000002,8,879
1109,27470.13,10,889
2481,27313.05,5,894
1080,27258.85,4,898
1738,27199.6,7,905
1141,27178.45,9,914
1442,26989.149999999998,6,920
21,26805.159999999996,10,930
1274,26723.949999999997,9,939
2068,26568.4,3,942
1260,26562.74,5,947
2749,26556.95,6,953
1027,26385.739999999998,8,961
137,26225.999999999996,8,969
419,26216.049999999996,9,978
119,26147.42,9,987
1407,25847.8,8,995
324,25801.699999999997,5,1000
1412,25627.550000000003,5,1005
1632,25325.55,8,1013
1460,25231.35,8,1021
1875,25192.25,3,1024
546,25123.45,9,1033
2223,25097.8,10,1043
716,25082.550000000003,8,1051
1438,24921.700000000004,9,1060
1511,24856.75,5,1065
1277,24808.65,10,1075
117,24798.350000000002,8,1083
941,24679.100000000002,10,1093
2510,24609.049999999996,9,1102
1083,24483.650000000005,9,1111
773,24453.100000000002,10,1121
753,24424.8,3,1124
2252,24421.5,9,1133
2010,24406.05,6,1139
2439,24402.7,8,1147
2671,24322.8,8,1155
2432,24269.5,9,1164
1273,24255.550000000003,8,1172
1441,24149.850000000002,8,1180
1850,24125.850000000002,1,1181
1292,24106.55,8,1189
943,24019.8,3,1192
2290,24012.05,10,1202
359,23957.800000000003,10,1212
2254,23936.45,4,1216
861,23857.1,4,1220
2220,23804.45,5,1225
897,23688.55,3,1228
913,23174.75,4,1232
1932,23170.15,9,1241
1879,23014.25,9,1250
1115,22915.05,3,1253
2082,22863.7,9,1262
1539,22834.700000000004,10,1272
2660,22817.88,7,1279
1318,22797.750000000004,10,1289
584,22530.949999999997,6,1295
1294,22305.1,8,1303
357,22064.649999999998,9,1312
2015,21965.9,5,1317
1097,21949.5,9,1326
2303,21942.050000000003,10,1336
2356,21878.3,10,1346
1331,21858.65,10,1356
1588,21845.649999999998,6,1362
1391,21837.549999999996,10,1372
847,21836.5,7,1379
535,21807.8,8,1387
1268,21724.55,9,1396
341,21695.49,8,1404
2575,21616.7,5,1409
1521,21584.9,8,1417
181,21504.350000000002,8,1425
1070,21380.400000000005,9,1434
2376,21310.489999999998,4,1438
1469,21290.6,9,1447
840,21234.750000000004,10,1457
1744,21215.649999999998,6,1463
2644,21127.899999999998,10,1473
1625,21108.249999999996,9,1482
2492,21106.699999999997,9,1491
183,20974.65,3,1494
2742,20968.000000000004,9,1503
963,20810.2,8,1511
1477,20778.0,10,1521
2700,20752.860000000004,6,1527
642,20677.549999999996,9,1536
505,20666.049999999996,10,1546
2189,20615.2,5,1551
671,20481.1,10,1561
1691,20472.55,10,1571
1403,20359.75,10,1581
2398,20280.75,2,1583
2110,20259.250000000004,4,1587
1385,20246.649999999998,3,1590
962,20231.8,10,1600
1826,20223.65,10,1610
2341,20185.8,10,1620
2312,20118.500000000004,8,1628
253,20059.15,8,1636
1100,20056.75,6,1642
2523,19969.800000000003,10,1652
386,19939.1,6,1658
1880,19923.73,7,1665
1857,19902.2,9,1674
1683,19771.55,10,1684
893,19707.1,2,1686
2582,19686.05,8,1694
904,19656.2,9,1703
2770,19625.4,4,1707
1971,19623.050000000003,9,1716
2595,19597.25,9,1725
2423,19585.5,10,1735
490,19533.950000000004,7,1742
1601,19471.04,10,1752
1180,19462.5,1,1753
1252,19431.85,6,1759
1308,19425.100000000002,4,1763
2647,19402.65,10,1773
1700,19357.5,3,1776
879,19337.65,7,1783
1911,19309.050000000003,4,1787
504,19306.700000000004,8,1795
677,19260.05,7,1802
839,19151.500000000004,7,1809
1685,19130.55,8,1817
234,19113.6,5,1822
1,19007.0,7,1829
1473,18987.3,6,1835
501,18978.55,10,1845
2555,18919.049999999996,8,1853
193,18815.95,10,1863
714,18800.950000000004,7,1870
1186,18791.399999999998,10,1880
572,18786.249999999996,10,1890
1389,18714.35,7,1897
511,18668.3,7,1904
1735,18657.999999999993,10,1914
374,18641.699999999997,5,1919
1425,18616.850000000002,7,1926
631,18600.8,7,1933
2092,18552.100000000002,2,1935
1427,18497.3,10,1945
162,18438.000000000004,9,1954
1679,18421.35,4,1958
403,18400.55,5,1963
2649,18386.699999999997,6,1969
1822,18296.7,8,1977
1237,18292.000000000004,4,1981
1917,18282.55,9,1990
2396,18280.05,10,2000
44,18254.31,5,2005
1560,18251.250000000004,10,2015
1309,18211.61,10,2025
2764,18205.399999999998,4,2029
60,18205.149999999998,9,2038
1668,18169.350000000002,5,2043
6,18149.32,8,2051
1179,18141.149999999998,4,2055
2243,18096.5,9,2064
2611,18031.800000000003,10,2074
1453,18001.0,8,2082
2195,17971.2,9,2091
1467,17949.95,5,2096
512,17911.499999999996,4,2100
993,17852.050000000003,5,2105
2628,17848.9,7,2112
1577,17775.420000000002,8,2120
2706,17687.6,10,2130
1981,17673.649999999998,6,2136
2206,17671.949999999997,4,2140
858,17650.95,6,2146
966,17626.0,8,2154
384,17612.499999999996,7,2161
1646,17594.0,6,2167
1939,17565.34,10,2177
1677,17519.750000000004,9,2186
1913,17498.500000000004,8,2194
53,17435.8,9,2203
1860,17323.6,7,2210
68,17271.5,10,2220
489,17254.5,5,2225
666,17237.2,8,2233
2005,17160.0,6,2239
1501,17122.15,5,2244
1383,17098.25,8,2252
814,17060.4,8,2260
1678,17046.4,8,2268
224,17043.45,8,2276
491,17026.45,3,2279
1076,17002.7,6,2285
562,16973.05,6,2291
2246,16892.0,7,2298
532,16880.679999999997,8,2306
2060,16835.65,2,2308
1651,16824.2,7,2315
115,16799.45,8,2323
301,16789.999999999996,8,2331
2001,16719.7,4,2335
2026,16706.35,7,2342
226,16671.550000000003,7,2349
1133,16666.000000000004,6,2355
320,16663.300000000003,10,2365
393,16633.95,2,2367
2699,16630.9,10,2377
66,16607.300000000003,8,2385
184,16567.500000000004,10,2395
2583,16556.149999999998,10,2405
2344,16522.850000000002,10,2415
207,16521.3,10,2425
1236,16440.65,9,2434
361,16395.8,8,2442
1718,16374.6,4,2446
1869,16356.399999999998,9,2455
1524,16326.55,8,2463
549,16295.05,10,2473
2370,16274.45,9,2482
1954,16260.65,8,2490
2643,16222.699999999999,6,2496
96,16192.8,1,2497
151,16191.2,9,2506
2543,16171.949999999999,9,2515
1393,16029.650000000001,10,2525
1048,16012.199999999997,7,2532
74,15918.099999999999,7,2539
786,15851.300000000003,9,2548
2556,15780.449999999999,4,2552
919,15776.67,10,2562
1198,15711.199999999999,9,2571
2113,15695.049999999997,9,2580
424,15646.799999999997,5,2585
1169,15611.4,5,2590
1041,15607.349999999999,8,2598
522,15533.2,8,2606
2613,15531.65,10,2616
1422,15530.500000000002,8,2624
2180,15492.15,4,2628
1522,15476.300000000001,9,2637
2035,15474.9,9,2646
1573,15453.510000000002,9,2655
533,15428.95,6,2661
554,15425.850000000002,10,2671
1989,15406.099999999999,7,2678
2482,15405.45,10,2688
362,15373.299999999997,8,2696
1858,15275.000000000002,7,2703
1456,15264.35,4,2707
1189,15259.949999999999,4,2711
2731,15217.05,4,2715
2665,15200.6,10,2725
2004,15185.100000000002,10,2735
519,15184.649999999998,3,2738
1022,15182.949999999999,7,2745
933,15166.7,9,2754
302,15138.599999999997,9,2763
1606,15093.6,10,2773
1562,15074.85,7,2780
1183,15072.700000000003,9,2789
1463,15053.75,10,2799
1217,15047.45,4,2803
2404,15004.400000000001,9,2812
1771,14999.849999999999,8,2820
2625,14995.1,5,2825
1487,14976.49,9,2834
587,14976.3,2,2836
65,14919.15,5,2841
2527,14916.269999999999,9,2850
2240,14906.150000000001,8,2858
1069,14840.500000000002,4,2862
1095,14795.3,8,2870
333,14773.900000000001,6,2876
1969,14773.5,4,2880
2187,14750.2,10,2890
2673,14748.25,3,2893
163,14743.349999999999,6,2899
1813,14738.15,8,2907
983,14702.54,10,2917
2330,14701.05,3,2920
1736,14658.2,4,2924
105,14605.9,7,2931
2145,14544.58,10,2941
1046,14532.0,2,2943
1369,14504.349999999999,7,2950
1172,14451.0,7,2957
1219,14416.200000000003,7,2964
2065,14402.25,4,2968
292,14401.55,7,2975
2316,14353.699999999999,10,2985
1367,14322.019999999999,10,2995
1258,14287.3,6,3001
369,14248.98,10,3011
1666,14203.4,10,3021
867,14169.05,7,3028
2103,14144.45,9,3037
1756,14126.310000000001,6,3043
457,14051.100000000002,9,3052
2608,14047.549999999997,8,3060
1240,14037.699999999999,8,3068
2743,14036.4,10,3078
25,13978.04,8,3086
24,13975.349999999999,8,3094
237,13967.199999999999,9,3103
1884,13951.800000000001,8,3111
1645,13902.150000000001,5,3116
2305,13871.050000000001,5,3121
2194,13847.599999999999,6,3127
978,13839.199999999999,10,3137
1404,13740.849999999999,8,3145
1248,13669.400000000001,9,3154
2452,13646.649999999998,8,3162
2354,13641.650000000001,7,3169
2717,13639.409999999998,6,3175
1255,13604.800000000001,8,3183
484,13604.25,7,3190
267,13569.86,8,3198
2663,13553.150000000001,6,3204
2133,13545.750000000002,8,3212
32,13537.4,7,3219
660,13518.15,10,3229
91,13492.7,10,3239
892,13484.7,5,3244
169,13460.349999999999,9,3253
2013,13447.75,7,3260
2098,13401.25,10,3270
379,13387.8,7,3277
984,13366.6,10,3287
822,13326.66,9,3296
1054,13325.43,10,3306
2136,13322.900000000001,7,3313
1794,13302.93,10,3323
513,13302.75,7,3330
50,13283.559999999998,10,3340
606,13209.550000000001,8,3348
2362,13196.05,2,3350
1492,13169.8,9,3359
2347,13160.45,9,3368
30,13136.15,5,3373
444,13105.250000000002,10,3383
1973,13081.4,9,3392
2120,13047.300000000001,9,3401
841,12954.850000000002,10,3411
453,12943.5,9,3420
637,12920.550000000001,9,3429
1103,12884.25,8,3437
2519,12832.7,5,3442
82,12813.25,10,3452
118,12783.250000000002,3,3455
1338,12770.699999999997,9,3464
2039,12718.65,9,3473
1275,12707.899999999998,8,3481
661,12690.2,5,3486
1409,12671.600000000002,7,3493
2600,12648.849999999999,7,3500
1399,12648.550000000001,5,3505
2511,12615.999999999998,9,3514
1164,12593.55,8,3522
231,12577.85,3,3525
1749,12558.0,6,3531
18,12552.1,5,3536
1222,12539.75,9,3545
248,12525.25,10,3555
2639,12494.88,6,3561
1059,12447.799999999997,8,3569
2269,12447.4,8,3577
1073,12443.900000000001,10,3587
1051,12434.9,10,3597
2746,12428.699999999999,10,3607
465,12415.05,6,3613
790,12400.65,6,3619
344,12374.35,8,3627
1710,12347.4,10,3637
42,12342.900000000001,6,3643
2498,12337.3,2,3645
2615,12327.6,7,3652
2130,12242.6,3,3655
2152,12219.35,5,3660
2548,12217.8,5,3665
409,12183.910000000003,9,3674
1065,12168.399999999998,9,3683
1940,12165.2,9,3692
872,12127.65,9,3701
26,12117.6,4,3705
1783,12111.55,9,3714
2758,12079.9,2,3716
265,12078.6,3,3719
426,12064.7,4,3723
982,12046.25,7,3730
1280,12019.199999999999,10,3740
621,11969.099999999999,2,3742
2760,11968.189999999999,9,3751
860,11931.0,3,3754
1514,11908.9,9,3763
2339,11873.6,10,3773
1058,11868.6,2,3775
2289,11863.95,10,3785
1344,11839.199999999997,9,3794
838,11787.75,7,3801
1247,11782.56,9,3810
83,11760.4,7,3817
2276,11756.449999999997,8,3825
2094,11739.9,9,3834
769,11729.55,2,3836
627,11695.95,9,3845
1188,11686.35,10,3855
878,11683.55,7,3862
1405,11653.699999999999,9,3871
2727,11642.68,6,3877
1854,11631.300000000001,6,3883
1829,11600.250000000002,9,3892
2610,11591.400000000001,10,3902
2518,11586.049999999997,7,3909
470,11575.35,6,3915
2097,11555.599999999999,7,3922
430,11537.7,10,3932
2616,11524.71,5,3937
1950,11512.85,10,3947
2114,11422.26,8,3955
728,11413.8,5,3960
371,11406.05,8,3968
1428,11381.8,7,3975
1074,11306.05,8,3983
2006,11304.9,6,3989
1590,11291.15,2,3991
2443,11284.050000000001,6,3997
1938,11262.5,4,4001
1218,11254.599999999999,10,4011
741,11236.35,2,4013
670,11217.4,4,4017
2607,11192.55,5,4022
1005,11171.880000000001,4,4026
2525,11118.75,9,4035
1490,11090.45,7,4042
1959,11082.339999999998,2,4044
2209,11029.550000000001,7,4051
2304,10999.35,3,4054
1207,10992.849999999999,3,4057
1434,10992.6,7,4064
2320,10989.15,5,4069
1538,10969.18,3,4072
2710,10958.7,10,4082
792,10952.85,10,4092
1797,10946.85,7,4099
2558,10938.15,7,4106
354,10925.7,4,4110
103,10908.899999999998,9,4119
496,10908.29,9,4128
2261,10906.1,9,4137
1765,10899.300000000001,9,4146
632,10880.5,7,4153
313,10876.570000000002,8,4161
2364,10842.349999999999,7,4168
1706,10799.699999999999,10,4178
1468,10742.999999999998,9,4187
2445,10742.55,8,4195
1408,10677.5,8,4203
399,10675.349999999999,4,4207
1763,10620.65,5,4212
2621,10579.300000000001,9,4221
968,10574.449999999999,9,4230
1830,10573.9,10,4240
1836,10572.250000000002,5,4245
2176,10565.9,10,4255
2733,10558.0,8,4263
1194,10536.849999999999,3,4266
194,10534.449999999999,10,4276
2772,10523.35,4,4280
2196,10515.65,7,4287
1803,10503.859999999999,2,4289
173,10498.350000000002,10,4299
2181,10488.4,4,4303
198,10482.300000000001,10,4313
2300,10475.65,10,4323
1157,10471.6,7,4330
1351,10465.399999999996,10,4340
2160,10461.999999999998,6,4346
1593,10433.2,5,4351
1421,10427.8,3,4354
2367,10407.5,5,4359
1724,10400.149999999998,9,4368
355,10396.199999999999,10,4378
616,10392.099999999999,6,4384
77,10359.099999999999,5,4389
1356,10342.9,9,4398
1946,10311.449999999999,2,4400
2526,10309.4,10,4410
431,10306.050000000001,7,4417
2632,10259.150000000001,9,4426
581,10258.650000000001,9,4435
1493,10254.65,10,4445
1709,10254.0,9,4454
177,10242.650000000001,5,4459
2579,10236.850000000002,3,4462
2078,10223.399999999998,6,4468
2179,10222.0,4,4472
1579,10212.75,6,4478
2263,10178.15,5,4483
2390,10174.75,7,4490
1214,10160.199999999999,5,4495
1135,10146.449999999999,3,4498
227,10133.6,9,4507
39,10104.600000000002,8,4515
865,10086.73,8,4523
2327,10086.099999999999,8,4531
568,10048.6,3,4534
576,10034.85,2,4536
2444,10033.25,2,4538
1437,10014.05,8,4546
2,9994.800000000001,7,4553
2522,9994.800000000001,9,4562
404,9987.5,6,4568
2701,9986.4,9,4577
1050,9985.439999999999,9,4586
643,9979.95,8,4594
1378,9958.199999999999,8,4602
795,9943.55,5,4607
1134,9918.8,3,4610
1732,9915.750000000002,7,4617
752,9914.5,7,4624
123,9861.300000000001,9,4633
1784,9859.899999999998,8,4641
1810,9853.4,9,4650
2614,9842.0,10,4660
2442,9836.050000000001,4,4664
2500,9817.2,5,4669
276,9811.35,7,4676
2618,9805.599999999999,4,4680
1631,9804.550000000001,7,4687
868,9770.460000000001,10,4697
2680,9760.799999999997,8,4705
348,9752.439999999999,7,4712
1036,9725.449999999999,1,4713
268,9702.16,9,4722
932,9690.899999999998,9,4731
685,9672.9,5,4736
1768,9665.2,6,4742
824,9657.05,4,4746
2224,9654.650000000001,7,4753
1105,9653.2,5,4758
1578,9604.15,5,4763
1002,9602.25,7,4770
834,9589.199999999999,8,4778
1775,9587.500000000002,9,4787
186,9574.7,4,4791
1652,9571.65,5,4796
1835,9552.699999999999,8,4804
2506,9528.800000000001,10,4814
1513,9517.25,10,4824
669,9497.41,6,4830
2284,9497.15,6,4836
1362,9488.67,9,4845
2009,9481.8,10,4855
2667,9475.649999999998,6,4861
782,9473.9,5,4866
2430,9461.199999999999,5,4871
1347,9456.65,10,4881
2298,9451.8,8,4889
598,9429.85,9,4898
1125,9427.95,3,4901
2405,9415.449999999999,10,4911
617,9388.349999999999,5,4916
192,9367.9,7,4923
1840,9350.929999999998,9,4932
223,9340.3,4,4936
2183,9333.449999999999,9,4945
649,9333.2,10,4955
2331,9293.199999999999,7,4962
477,9279.150000000003,9,4971
273,9278.65,7,4978
433,9270.1,5,4983
2067,9244.35,5,4988
927,9233.2,4,4992
2171,9233.15,4,4996
1062,9230.75,7,5003
1507,9227.300000000001,10,5013
310,9209.500000000002,10,5023
1686,9202.0,10,5033
1714,9176.55,10,5043
2325,9175.8,3,5046
1945,9137.35,7,5053
1725,9123.589999999998,9,5062
2598,9120.85,4,5066
2604,9117.15,6,5072
756,9115.0,8,5080
1471,9090.25,8,5088
2593,9086.550000000001,7,5095
1583,9073.3,9,5104
520,9071.75,8,5112
309,9064.050000000001,6,5118
1780,9048.999999999998,5,5123
366,9027.699999999999,10,5133
1699,9017.800000000001,6,5139
952,9007.35,6,5145
2678,9003.5,10,5155
1887,8991.2,6,5161
740,8991.0,3,5164
1210,8977.449999999999,10,5174
239,8976.000000000002,5,5179
2441,8969.5,5,5184
658,8940.500000000002,10,5194
595,8935.600000000002,10,5204
1661,8918.94,9,5213
1149,8902.1,9,5222
1458,8901.85,6,5228
43,8898.449999999999,9,5237
848,8894.65,9,5246
1128,8866.15,7,5253
1703,8863.9,9,5262
2440,8842.95,4,5266
2099,8836.75,5,5271
1712,8831.1,7,5278
1024,8829.95,3,5281
1682,8812.920000000002,8,5289
1525,8796.8,5,5294
158,8788.9,3,5297
2377,8780.150000000001,7,5304
2059,8779.969999999998,10,5314
318,8771.099999999999,4,5318
625,8740.550000000001,4,5322
777,8730.400000000001,6,5328
1132,8709.5,10,5338
2128,8693.750000000002,6,5344
799,8692.75,2,5346
1729,8687.55,7,5353
1148,8683.38,4,5357
2122,8673.35,6,5363
687,8670.9,8,5371
582,8661.4,4,5375
620,8630.85,5,5380
1314,8623.1,7,5387
2061,8621.2,6,5393
299,8618.0,10,5403
261,8614.750000000002,8,5411
145,8578.45,10,5421
178,8569.25,9,5430
2728,8560.300000000001,10,5440
1357,8542.8,8,5448
246,8529.75,8,5456
1527,8512.090000000002,9,5465
1266,8493.35,8,5473
2539,8491.949999999999,9,5482
1965,8488.85,9,5491
2624,8485.65,6,5497
2319,8465.3,10,5507
8,8455.300000000001,1,5508
469,8438.7,5,5513
801,8424.3,3,5516
2184,8422.300000000003,8,5524
1093,8418.9,4,5528
1155,8414.55,10,5538
1061,8414.5,6,5544
185,8404.850000000002,7,5551
1377,8403.25,9,5560
2117,8379.45,10,5570
970,8376.0,7,5577
2533,8362.35,10,5587
784,8359.55,6,5593
1778,8355.35,8,5601
1361,8353.75,8,5609
1166,8329.65,5,5614
2250,8324.95,8,5622
2736,8319.2,5,5627
1728,8314.449999999999,10,5637
939,8309.900000000001,8,5645
885,8283.2,10,5655
2070,8263.93,8,5663
249,8245.5,5,5668
2214,8237.5,6,5674
23,8232.2,9,5683
328,8226.4,10,5693
2297,8224.800000000001,5,5698
2268,8215.750000000002,10,5708
701,8201.55,7,5715
630,8165.45,2,5717
2292,8155.0199999999995,6,5723
36,8134.0,9,5732
819,8129.15,1,5733
544,8120.650000000001,3,5736
2601,8068.249999999999,8,5744
2661,8053.03,8,5752
2093,8052.8,4,5756
1228,8051.25,9,5765
909,8039.75,5,5770
2257,8037.75,10,5780
367,8035.7,5,5785
2164,8027.9,10,5795
2135,8012.55,4,5799
1994,8012.199999999999,10,5809
510,8009.05,9,5818
1918,8007.38,10,5828
708,7998.339999999999,10,5838
411,7992.6,4,5842
1592,7987.85,9,5851
174,7981.05,8,5859
1882,7963.85,4,5863
796,7962.65,6,5869
1509,7958.85,10,5879
1914,7958.05,7,5886
2691,7947.4,6,5892
1804,7905.0,9,5901
2541,7902.1,3,5904
1055,7897.65,8,5912
1006,7883.700000000001,4,5916
2294,7868.9,8,5924
1619,7864.54,5,5929
2301,7860.499999999999,2,5931
17,7849.55,7,5938
675,7846.9,3,5941
2609,7836.9,1,5942
2722,7829.0,9,5951
1386,7794.5,10,5961
2530,7790.7,4,5965
467,7783.150000000001,8,5973
2235,7775.549999999999,2,5975
2489,7767.599999999999,5,5980
1108,7756.15,8,5988
2374,7753.800000000001,10,5998
2072,7738.400000000001,3,6001
1820,7733.8499999999985,8,6009
2531,7728.64,10,6019
339,7727.0,4,6023
652,7726.800000000001,6,6029
1227,7721.2,7,6036
629,7712.65,10,6046
774,7711.0,5,6051
955,7709.25,2,6053
976,7702.25,10,6063
1886,7690.95,7,6070
1966,7690.150000000001,6,6076
1200,7683.519999999999,6,6082
1444,7675.86,10,6092
570,7675.07,8,6100
1193,7667.2,2,6102
1575,7659.54,10,6112
2382,7651.15,4,6116
1708,7642.0,8,6124
580,7641.45,5,6129
762,7636.2,7,6136
710,7611.639999999999,9,6145
1967,7603.15,5,6150
260,7590.649999999999,9,6159
2102,7582.95,9,6168
830,7579.349999999999,2,6170
1617,7577.4,3,6173
410,7558.349999999999,9,6182
950,7550.150000000001,4,6186
951,7546.799999999999,8,6194
1903,7544.25,8,6202
638,7539.849999999999,6,6208
1233,7534.799999999999,6,6214
1499,7527.449999999999,7,6221
542,7524.399999999999,8,6229
1380,7507.469999999999,7,6236
2458,7481.25,2,6238
1552,7480.280000000001,7,6245
1508,7478.0,3,6248
575,7456.449999999999,6,6254
2014,7455.1,8,6262
2503,7452.150000000001,4,6266
1360,7448.65,4,6270
133,7443.0,4,6274
813,7442.249999999999,10,6284
1737,7421.32,7,6291
2131,7419.799999999999,7,6298
1118,7416.3,9,6307
2745,7413.300000000001,9,6316
1410,7410.900000000001,9,6325
2096,7409.349999999999,10,6335
1636,7391.349999999999,7,6342
805,7387.7,4,6346
689,7386.650000000001,2,6348
1302,7385.6,10,6358
289,7381.8,4,6362
347,7351.049999999999,9,6371
277,7349.7,5,6376
1612,7347.2,6,6382
965,7345.7,6,6388
2066,7342.5,5,6393
1192,7331.499999999999,8,6401
1586,7321.65,9,6410
1823,7318.45,10,6420
1798,7313.900000000001,2,6422
757,7310.7,7,6429
1633,7300.3,7,6436
1531,7291.35,10,6446
996,7280.6,6,6452
139,7276.300000000001,10,6462
1948,7273.6,10,6472
1695,7269.0,4,6476
19,7268.700000000001,9,6485
2046,7262.2,5,6490
1656,7254.65,7,6497
1791,7252.2,6,6503
2236,7249.650000000001,4,6507
146,7228.349999999999,9,6516
497,7222.650000000001,6,6522
2659,7218.5,8,6530
2211,7215.7,3,6533
2524,7192.8,3,6536
1242,7179.3,9,6545
2147,7176.25,8,6553
2033,7153.3,7,6560
2674,7146.9,4,6564
240,7141.55,7,6571
1808,7131.15,10,6581
1094,7121.35,5,6586
1319,7093.85,4,6590
953,7088.7,8,6598
2222,7076.07,5,6603
235,7074.099999999999,9,6612
1064,7066.900000000001,6,6618
1761,7063.9,3,6621
1279,7042.6,6,6627
959,7036.7,8,6635
2169,7018.0,1,6636
1584,7009.05,9,6645
735,7008.3,3,6648
2154,7008.289999999999,8,6656
1541,6995.15,10,6666
2466,6956.300000000001,7,6673
401,6951.3,1,6674
793,6940.45,6,6680
2335,6940.3,2,6682
1815,6935.149999999999,8,6690
2705,6933.5,8,6698
1731,6927.450000000001,10,6708
190,6920.7,10,6718
2155,6915.299999999999,9,6727
619,6914.799999999999,7,6734
875,6905.5,8,6742
2038,6899.950000000001,7,6749
2318,6899.699999999999,4,6753
1774,6889.799999999999,10,6763
1833,6876.75,1,6764
1901,6875.75,10,6774
2471,6865.2,5,6779
1223,6850.6,3,6782
2389,6843.05,8,6790
1127,6839.450000000001,6,6796
2278,6828.5,7,6803
350,6820.75,4,6807
2425,6808.499999999999,10,6817
2741,6786.599999999999,9,6826
2646,6772.95,8,6834
1007,6752.1500000000015,6,6840
1282,6746.4,7,6847
1762,6744.2,8,6855
1261,6744.139999999999,10,6865
1582,6740.3,8,6873
2753,6730.349999999999,9,6882
1014,6727.5599999999995,5,6887
1853,6718.59,5,6892
845,6713.62,9,6901
2670,6711.700000000001,2,6903
1099,6711.55,8,6911
1270,6673.699999999999,6,6917
2400,6663.450000000001,8,6925
150,6662.7,4,6929
2456,6648.3,5,6934
1190,6644.5,6,6940
1478,6641.849999999999,10,6950
2216,6637.5,8,6958
2751,6636.349999999999,6,6964
1746,6624.599999999999,9,6973
1893,6614.05,3,6976
1053,6608.91,6,6982
1293,6600.249999999999,9,6991
1968,6597.75,3,6994
1000,6595.450000000001,5,6999
1381,6595.049999999999,10,7009
1238,6585.45,6,7015
2754,6584.249999999999,8,7023
2420,6580.8,10,7033
1935,6574.000000000001,10,7043
1119,6565.65,2,7045
654,6564.85,7,7052
2272,6562.4,9,7061
329,6560.0,10,7071
2029,6558.9,3,7074
810,6557.899999999999,9,7083
1235,6553.8,10,7093
243,6549.900000000001,6,7099
1847,6548.85,7,7106
703,6543.65,9,7115
2664,6533.799999999999,4,7119
111,6507.499999999999,5,7124
1390,6504.5,3,7127
2419,6502.45,9,7136
1561,6498.0,5,7141
874,6488.25,9,7150
1063,6482.079999999998,8,7158
1629,6476.4,10,7168
1832,6465.550000000001,3,7171
2387,6464.750000000001,10,7181
1870,6463.8,2,7183
1262,6459.099999999999,8,7191
451,6452.3,6,7197
1888,6447.05,8,7205
304,6441.749999999999,10,7215
2281,6434.5,9,7224
1406,6423.1,8,7232
2467,6391.1,2,7234
975,6381.949999999999,7,7241
263,6379.999999999999,7,7248
705,6378.7,10,7258
593,6378.59,8,7266
311,6378.4,4,7270
2597,6366.8,9,7279
529,6365.8,10,7289
1604,6356.349999999999,2,7291
1838,6354.749999999999,4,7295
2702,6350.85,8,7303
2636,6346.6,9,7312
2028,6339.150000000001,9,7321
1113,6332.05,7,7328
1653,6320.400000000001,6,7334
719,6311.7,5,7339
1518,6308.2,10,7349
380,6296.25,7,7356
422,6296.1,6,7362
1688,6294.75,5,7367
56,6289.549999999999,6,7373
1430,6288.3,7,7380
916,6288.3,1,7381
1600,6283.99,10,7391
1905,6276.7,5,7396
48,6274.5,8,7404
2234,6267.799999999999,3,7407
1576,6261.1,7,7414
715,6251.83,8,7422
1730,6248.34,7,7429
1834,6225.949999999999,10,7439
971,6216.3,4,7443
1085,6211.24,5,7448
2386,6210.149999999998,10,7458
1623,6196.7,4,7462
772,6189.35,5,7467
2557,6184.299999999999,3,7470
594,6182.77,8,7478
2032,6153.549999999999,8,7486
1908,6153.429999999999,9,7495
2019,6132.15,9,7504
681,6117.15,4,7508
1717,6103.349999999999,10,7518
2056,6094.2,3,7521
1697,6083.25,9,7530
771,6076.799999999999,7,7537
270,6072.299999999999,8,7545
2175,6065.349999999999,8,7553
1071,6065.099999999999,6,7559
928,6039.0,5,7564
1897,6038.490000000001,3,7567
1417,6018.45,5,7572
282,6004.95,2,7574
2495,5970.049999999999,8,7582
931,5967.599999999999,5,7587
99,5959.69,7,7594
2030,5956.950000000001,4,7598
815,5949.960000000001,6,7604
1375,5941.15,8,7612
1136,5939.799999999999,5,7617
586,5939.4,9,7626
2148,5935.4,8,7634
245,5924.670000000001,6,7640
2215,5923.6,7,7647
2693,5923.0,10,7657
2008,5921.849999999999,5,7662
1912,5920.099999999999,8,7670
887,5918.4,4,7674
1754,5911.0,10,7684
697,5906.149999999999,8,7692
2134,5905.549999999998,9,7701
2310,5901.25,5,7706
2695,5898.6,8,7714
676,5895.400000000001,6,7720
622,5889.69,8,7728
2137,5887.8,8,7736
823,5887.04,8,7744
1110,5886.3499999999985,10,7754
1031,5877.45,10,7764
1479,5872.45,9,7773
1648,5867.6,3,7776
1239,5867.599999999999,5,7781
1012,5866.0,3,7784
811,5859.000000000001,5,7789
854,5858.19,9,7798
69,5846.15,5,7803
416,5838.75,3,7806
2676,5834.4,7,7813
711,5833.149999999999,8,7821
2193,5831.25,6,7827
1654,5823.399999999999,6,7833
2279,5802.5999999999985,10,7843
2167,5798.800000000001,4,7847
755,5796.649999999999,5,7852
1379,5789.75,5,7857
1902,5785.2,9,7866
2217,5774.4,5,7871
55,5768.75,2,7873
1790,5765.839999999999,7,7880
1205,5761.25,8,7888
518,5760.799999999999,7,7895
88,5752.8,9,7904
883,5751.29,2,7906
1450,5747.849999999999,5,7911
2774,5746.48,10,7921
2473,5738.3,5,7926
2438,5733.83,10,7936
739,5733.15,5,7941
1672,5727.7,7,7948
1845,5724.700000000001,3,7951
1175,5721.65,10,7961
2178,5721.5999999999985,9,7970
389,5713.05,10,7980
1177,5712.25,8,7988
1090,5711.749999999999,10,7998
2429,5709.25,6,8004
2365,5705.93,9,8013
1459,5672.75,4,8017
2084,5668.200000000001,4,8021
525,5665.02,6,8027
2296,5662.700000000001,9,8036
144,5650.55,2,8038
1983,5649.099999999999,4,8042
1001,5647.55,9,8051
1296,5646.65,6,8057
2532,5640.2,8,8065
2623,5639.549999999999,10,8075
408,5635.44,7,8082
624,5630.45,9,8091
1306,5622.1,4,8095
2590,5619.549999999999,5,8100
987,5615.3,5,8105
1719,5610.0,7,8112
1676,5603.4,6,8118
2062,5598.799999999998,10,8128
1251,5597.249999999999,5,8133
1429,5595.660000000001,6,8139
2762,5591.900000000001,6,8145
1171,5585.9,7,8152
1167,5580.65,3,8155
1187,5580.629999999999,9,8164
31,5577.209999999999,1,8165
38,5573.65,5,8170
16,5570.7,6,8176
148,5568.65,8,8184
394,5561.949999999999,9,8193
2708,5549.8,9,8202
2334,5538.55,9,8211
296,5537.000000000001,6,8217
125,5502.75,1,8218
1060,5500.7,9,8227
1250,5499.429999999999,4,8231
778,5494.8,3,8234
1287,5489.950000000001,10,8244
2426,5482.2,8,8252
1856,5469.25,8,8260
165,5465.85,2,8262
1635,5462.490000000002,8,8270
2282,5453.150000000001,6,8276
1553,5450.99,9,8285
704,5450.1,10,8295
1846,5447.25,6,8301
1550,5446.05,4,8305
149,5438.599999999999,2,8307
1494,5436.2699999999995,10,8317
733,5423.1,6,8323
2763,5415.700000000001,5,8328
1516,5403.900000000001,8,8336
1558,5380.3,8,8344
1894,5371.150000000001,5,8349
1596,5370.65,3,8352
1137,5360.2,9,8361
1863,5354.6,10,8371
1742,5351.45,7,8378
2186,5328.15,3,8381
1234,5309.700000000001,5,8386
1145,5304.1,4,8390
2577,5302.4,5,8395
1766,5301.15,1,8396
2592,5296.25,10,8406
802,5281.200000000001,4,8410
2504,5275.449999999999,4,8414
1837,5271.25,5,8419
2569,5260.58,4,8423
1975,5259.3,6,8429
1082,5247.9,9,8438
2106,5238.200000000001,8,8446
655,5228.95,7,8453
255,5220.5,8,8461
509,5218.849999999999,5,8466
2174,5208.2,4,8470
1555,5206.0,4,8474
1317,5202.900000000001,3,8477
901,5199.6,7,8484
673,5190.7,7,8491
809,5181.5999999999985,8,8499
994,5178.5,5,8504
1739,5172.0,6,8510
517,5169.35,5,8515
1173,5156.8,7,8522
2210,5144.85,3,8525
365,5127.95,8,8533
766,5122.900000000001,6,8539
1350,5112.15,5,8544
1443,5110.3,4,8548
2212,5099.349999999999,8,8556
180,5096.999999999999,9,8565
447,5094.3,7,8572
1664,5093.85,7,8579
1161,5087.599999999999,5,8584
907,5085.55,8,8592
155,5076.400000000001,5,8597
2603,5053.7,9,8606
1925,5045.0,5,8611
2188,5039.9,9,8620
886,5031.85,7,8627
1337,5028.7,5,8632
191,5023.4400000000005,6,8638
250,5020.5,10,8648
1740,5015.2,5,8653
2739,5014.2,3,8656
2045,5010.85,6,8662
131,5006.100000000001,8,8670
1571,5000.9,10,8680
494,4996.35,9,8689
2085,4995.25,6,8695
1599,4982.4,1,8696
90,4976.8,10,8706
2205,4974.75,4,8710
2273,4963.749999999999,10,8720
1698,4963.05,9,8729
2462,4960.2,4,8733
1215,4953.949999999999,8,8741
502,4941.5,10,8751
2594,4936.0,4,8755
640,4932.48,9,8764
1519,4902.55,9,8773
664,4889.8,7,8780
2104,4885.249999999999,7,8787
935,4857.800000000001,3,8790
559,4857.0,3,8793
2231,4855.3,7,8800
937,4848.55,4,8804
2064,4843.0,6,8810
1769,4841.7,6,8816
1098,4841.2,6,8822
1544,4822.099999999999,10,8832
1537,4822.000000000001,6,8838
1547,4818.4,10,8848
130,4818.12,5,8853
1639,4808.0,8,8861
2545,4806.9,3,8864
977,4801.949999999999,6,8870
84,4800.649999999999,8,8878
1152,4790.65,7,8885
1021,4780.3,10,8895
305,4778.45,9,8904
881,4775.75,10,8914
2366,4758.349999999999,7,8921
2177,4756.849999999999,6,8927
1892,4726.639999999999,6,8933
1320,4722.65,5,8938
1447,4709.450000000001,1,8939
736,4708.1,9,8948
432,4685.6,8,8956
588,4681.499999999999,6,8962
54,4666.9,8,8970
405,4665.45,5,8975
730,4659.6,9,8984
2388,4652.85,9,8993
81,4637.75,10,9003
1637,4637.1,8,9011
2470,4634.200000000001,2,9013
827,4624.429999999999,9,9022
1413,4621.7,10,9032
2340,4615.200000000001,10,9042
1297,4614.2,7,9049
956,4605.9,9,9058
2652,4603.98,4,9062
2464,4593.4,8,9070
1256,4592.2,7,9077
2260,4591.4,9,9086
2721,4590.0,4,9090
2756,4586.55,6,9096
2697,4584.85,6,9102
2342,4565.1,7,9109
2606,4555.7,4,9113
2158,4552.65,3,9116
2561,4552.349999999999,6,9122
1997,4549.24,4,9126
737,4539.849999999999,10,9136
417,4533.099999999999,7,9143
259,4528.2,8,9151
1017,4516.849999999999,6,9157
2512,4510.0,7,9164
1878,4506.45,8,9172
445,4498.9,7,9179
934,4495.95,2,9181
1482,4476.9,9,9190
1980,4476.8,2,9192
1370,4466.1,3,9195
794,4456.150000000001,5,9200
2535,4453.579999999999,8,9208
1079,4447.4,5,9213
1116,4447.0,10,9223
1998,4445.55,5,9228
1505,4443.15,10,9238
1044,4442.199999999999,10,9248
1440,4440.149999999999,10,9258
2317,4433.95,6,9264
2074,4433.65,3,9267
1526,4429.349999999999,2,9269
2076,4427.75,1,9270
2692,4419.9,3,9273
1848,4419.349999999999,10,9283
2142,4418.25,4,9287
765,4414.200000000001,7,9294
2162,4406.699999999999,9,9303
2156,4406.4,2,9305
35,4396.45,8,9313
1922,4387.750000000001,9,9322
1721,4381.85,6,9328
456,4379.15,6,9334
2357,4378.1,6,9340
626,4377.8,9,9349
2253,4365.7,7,9356
2091,4345.75,6,9362
46,4326.65,5,9367
2265,4317.8,8,9375
2343,4310.25,3,9378
47,4304.799999999999,4,9382
724,4293.500000000001,9,9391
138,4285.05,6,9397
28,4279.8,8,9405
761,4279.489999999999,9,9414
1614,4277.150000000001,9,9423
182,4273.65,3,9426
743,4261.0,4,9430
142,4258.2,5,9435
438,4242.1,7,9442
1140,4238.55,9,9451
929,4235.150000000001,10,9461
2321,4232.4,5,9466
853,4231.35,5,9471
657,4223.400000000001,6,9477
100,4216.249999999999,8,9485
2302,4210.849999999999,7,9492
1598,4208.799999999999,10,9502
2765,4193.0,5,9507
641,4192.05,3,9510
1045,4184.85,5,9515
1032,4180.95,10,9525
1401,4180.9,9,9534
2100,4177.95,1,9535
372,4174.9,5,9540
209,4173.2,7,9547
2534,4170.599999999999,8,9555
1624,4161.05,5,9560
1951,4160.7,6,9566
288,4159.67,8,9574
1289,4157.55,7,9581
508,4150.539999999999,6,9587
1295,4141.7,7,9594
2412,4106.0,9,9603
2544,4094.7000000000003,8,9611
327,4090.7499999999995,6,9617
1982,4074.9,1,9618
1603,4074.15,6,9624
1395,4073.6899999999996,9,9633
871,4062.1000000000004,5,9638
2493,4048.2,1,9639
2411,4043.35,4,9643
167,4038.75,1,9644
1716,4032.9499999999994,5,9649
1805,4030.5,3,9652
1844,4030.0499999999997,5,9657
134,4017.0499999999997,5,9662
1454,4012.6,6,9668
2737,4011.75,10,9678
898,4009.5,4,9682
2521,4000.7999999999997,9,9691
696,4000.2999999999997,2,9693
397,3993.37,8,9701
2505,3993.25,3,9704
306,3978.1,5,9709
738,3972.6,5,9714
1759,3967.5499999999997,10,9724
2472,3965.25,8,9732
64,3964.3999999999996,2,9734
62,3952.75,7,9741
252,3948.4500000000007,7,9748
2199,3945.9999999999995,7,9755
2658,3944.4,2,9757
286,3923.45,2,9759
2229,3919.0499999999997,8,9767
2338,3918.45,3,9770
639,3918.45,2,9772
1608,3913.5199999999995,5,9777
890,3906.55,7,9784
2453,3905.4500000000007,5,9789
1011,3899.4,8,9797
2656,3895.1499999999996,9,9806
683,3893.4999999999995,4,9810
1753,3887.1499999999996,5,9815
1726,3887.1499999999996,8,9823
1556,3882.5000000000005,6,9829
727,3878.35,3,9832
679,3874.35,7,9839
526,3873.2,6,9845
1488,3867.6499999999996,9,9854
2153,3863.2,9,9863
450,3858.05,7,9870
763,3857.1,9,9879
370,3855.0000000000005,3,9882
925,3850.35,2,9884
1520,3835.3399999999997,3,9887
1992,3789.2500000000005,5,9892
2549,3788.9,6,9898
2266,3781.45,3,9901
1420,3775.35,5,9906
634,3758.95,4,9910
2683,3757.8,7,9917
1904,3756.7000000000003,6,9923
1330,3756.55,10,9933
514,3756.1500000000005,4,9937
2397,3755.3,1,9938
210,3753.85,7,9945
707,3730.2,5,9950
104,3727.3500000000004,4,9954
1720,3719.56,7,9961
650,3719.2999999999997,4,9965
1953,3713.85,6,9971
1300,3703.7499999999995,3,9974
2384,3700.63,3,9977
1462,3699.899999999999,8,9985
452,3697.7999999999997,7,9992
1313,3696.55,8,10000
1657,3683.85,6,10006
89,3674.9,7,10013
2707,3674.2999999999997,3,10016
2662,3673.8,6,10022
2638,3664.9500000000003,4,10026
609,3655.5,6,10032
2619,3645.6,5,10037
2536,3638.95,3,10040
321,3634.35,10,10050
1988,3631.7999999999997,6,10056
770,3625.9,3,10059
455,3614.2,8,10067
2629,3613.35,4,10071
958,3611.85,7,10078
2112,3606.95,5,10083
1107,3603.15,3,10086
891,3600.05,3,10089
1484,3591.85,6,10095
1398,3591.0,3,10098
920,3575.51,3,10101
541,3561.5499999999993,10,10111
2077,3543.9,9,10120
589,3537.2999999999997,9,10129
775,3534.2999999999997,6,10135
1384,3534.1,9,10144
2144,3530.7999999999997,6,10150
2679,3527.64,5,10155
2050,3525.4499999999994,10,10165
1545,3525.15,7,10172
2348,3518.3,6,10178
2726,3515.6000000000004,1,10179
1605,3513.95,3,10182
356,3505.9,7,10189
2565,3505.25,7,10196
338,3503.25,9,10205
1096,3502.85,7,10212
1452,3497.1,9,10221
787,3485.0499999999993,9,10230
2564,3478.6499999999996,2,10232
828,3473.5999999999995,4,10236
2314,3470.6000000000004,7,10243
2355,3465.65,3,10246
2185,3461.5,8,10254
1158,3460.0,8,10262
647,3455.7,5,10267
1078,3449.0499999999997,5,10272
1807,3434.4500000000003,9,10281
692,3433.6,7,10288
1028,3427.6,10,10298
293,3427.2499999999995,6,10304
1503,3426.5499999999997,5,10309
197,3418.64,6,10315
2771,3415.2000000000003,7,10322
1451,3414.2999999999997,3,10325
421,3412.9,10,10335
991,3409.55,7,10342
1866,3400.1,5,10347
2192,3395.7500000000005,3,10350
2612,3389.6000000000004,7,10357
573,3385.15,4,10361
160,3382.0,6,10367
825,3380.1499999999996,4,10371
1793,3372.0499999999997,6,10377
1990,3370.5,6,10383
33,3365.45,1,10384
1779,3361.1899999999996,7,10391
2514,3358.95,7,10398
1865,3356.65,3,10401
2245,3353.3499999999995,6,10407
1159,3352.0,4,10411
1800,3343.65,5,10416
2262,3335.0499999999997,5,10421
1146,3329.3999999999996,2,10423
623,3324.8999999999996,5,10428
680,3324.45,4,10432
1264,3315.3500000000004,5,10437
1812,3310.2,3,10440
1432,3309.75,7,10447
1704,3309.75,8,10455
2634,3307.5,8,10463
2626,3304.6199999999994,9,10472
653,3295.65,5,10477
2418,3292.8,3,10480
1455,3285.7000000000003,8,10488
1799,3280.65,8,10496
2640,3272.8499999999995,7,10503
884,3271.7999999999997,4,10507
2336,3270.0499999999997,2,10509
1449,3258.9500000000003,6,10515
656,3255.92,10,10525
319,3240.4999999999995,6,10531
2249,3238.5,4,10535
390,3236.78,3,10538
1942,3236.6,10,10548
2712,3235.9500000000003,2,10550
1365,3232.75,7,10557
2491,3229.95,5,10562
1485,3220.25,8,10570
352,3211.4,9,10579
2414,3205.05,6,10585
1543,3197.9500000000003,8,10593
1322,3190.0499999999997,1,10594
585,3189.15,2,10596
1111,3188.5499999999997,10,10606
2759,3184.5,6,10612
407,3183.3499999999995,10,10622
1734,3180.5499999999997,5,10627
1602,3175.6500000000005,5,10632
2011,3175.15,3,10635
720,3174.7,4,10639
2563,3170.45,4,10643
2051,3165.9,6,10649
1016,3158.1,1,10650
921,3155.25,5,10655
548,3153.45,10,10665
1929,3143.85,8,10673
1665,3142.1499999999996,3,10676
896,3120.3999999999996,6,10682
1772,3119.3499999999995,4,10686
476,3116.95,5,10691
1010,3114.7999999999997,2,10693
1641,3111.65,2,10695
849,3109.0400000000004,10,10705
895,3106.77,4,10709
1764,3105.3199999999997,9,10718
1246,3101.4499999999994,5,10723
969,3099.99,8,10731
1019,3098.25,1,10732
2165,3092.1,9,10741
2409,3081.82,4,10745
1936,3078.2999999999997,7,10752
1271,3076.95,7,10759
101,3075.4999999999995,8,10767
1626,3073.35,3,10770
1373,3072.7999999999997,6,10776
143,3071.7000000000003,7,10783
2655,3060.45,5,10788
336,3055.5,5,10793
2149,3054.55,4,10797
2689,3046.45,4,10801
590,3038.8,3,10804
446,3038.6999999999994,10,10814
1674,3024.95,7,10821
2333,3024.95,3,10824
1613,3023.45,6,10830
1515,3019.5,4,10834
2200,3017.3500000000004,5,10839
999,3010.7999999999997,6,10845
1470,3007.5499999999997,7,10852
2141,2998.4,6,10858
1400,2994.4500000000003,8,10866
264,2990.5499999999997,6,10872
1072,2989.3,9,10881
2449,2988.0499999999997,6,10887
2299,2986.95,4,10891
2053,2972.8,7,10898
1304,2972.5499999999997,1,10899
73,2968.85,7,10906
961,2964.75,10,10916
1979,2963.5499999999997,2,10918
1374,2962.1,8,10926
2115,2955.95,10,10936
760,2955.0,4,10940
1806,2947.9500000000003,5,10945
2095,2944.95,5,10950
2088,2935.35,9,10959
820,2932.65,1,10960
2538,2930.9999999999995,6,10966
464,2929.9999999999995,9,10975
459,2929.9500000000003,8,10983
2630,2918.0499999999997,9,10992
844,2916.84,10,11002
1818,2915.3999999999996,6,11008
2401,2913.45,7,11015
335,2909.7,9,11024
1170,2906.8,10,11034
2239,2896.8999999999996,7,11041
915,2880.95,4,11045
1182,2874.65,4,11049
2071,2873.85,5,11054
745,2869.0499999999997,6,11060
1868,2868.7,8,11068
1035,2860.0,6,11074
1052,2858.8,5,11079
364,2856.7499999999995,7,11086
797,2853.4,8,11094
486,2847.15,3,11097
1627,2834.35,4,11101
1464,2833.9,4,11105
1481,2831.2999999999997,10,11115
2668,2825.7099999999996,9,11124
1952,2822.85,1,11125
449,2821.8999999999996,7,11132
1009,2804.6899999999996,9,11141
152,2798.6,1,11142
1299,2797.2,7,11149
1773,2797.1999999999994,6,11155
1056,2794.7999999999997,5,11160
164,2778.4600000000005,5,11165
2403,2773.7499999999995,3,11168
279,2772.6,5,11173
1640,2771.35,6,11179
437,2769.06,8,11187
2490,2766.15,6,11193
2034,2752.11,7,11200
206,2750.65,5,11205
2378,2746.8,8,11213
2720,2743.4,2,11215
1883,2740.25,10,11225
2346,2737.8,5,11230
2483,2733.25,4,11234
2434,2730.0499999999997,6,11240
2322,2729.1499999999996,9,11249
220,2726.65,7,11256
2690,2713.6499999999996,8,11264
2025,2712.5499999999997,7,11271
2570,2711.8,4,11275
2427,2709.0699999999997,7,11282
2090,2707.7999999999997,3,11285
287,2707.69,10,11295
196,2707.6499999999996,4,11299
1431,2698.7999999999997,5,11304
1690,2695.5499999999997,3,11307
1647,2687.7000000000003,2,11309
750,2686.4,3,11312
106,2685.15,3,11315
1755,2683.7,10,11325
754,2676.6,3,11328
429,2672.85,1,11329
2509,2669.7499999999995,6,11335
565,2668.75,4,11339
1355,2658.5,5,11344
1871,2651.1499999999996,6,11350
94,2650.2500000000005,8,11358
316,2649.1,5,11363
1867,2648.4,5,11368
1191,2645.3,4,11372
1419,2641.05,7,11379
1461,2634.6999999999994,8,11387
1411,2629.8999999999996,10,11397
2650,2625.06,7,11404
764,2620.95,2,11406
1220,2616.2999999999997,3,11409
604,2608.2499999999995,5,11414
718,2606.2,8,11422
1445,2604.3,4,11426
1958,2596.8,4,11430
2285,2577.0499999999997,3,11433
877,2569.65,5,11438
212,2569.0,9,11447
2447,2559.2,4,11451
238,2555.25,6,11457
706,2554.2000000000003,3,11460
230,2553.6,3,11463
59,2552.8999999999996,9,11472
922,2552.0,4,11476
2773,2545.25,9,11485
1817,2543.65,6,11491
415,2533.65,1,11492
2315,2532.95,7,11499
923,2530.8,8,11507
2003,2528.15,3,11510
1203,2525.25,2,11512
78,2523.4500000000003,3,11515
1789,2520.66,4,11519
161,2516.8500000000004,1,11520
1209,2515.7999999999997,1,11521
1151,2513.7,3,11524
52,2504.7,5,11529
41,2501.7499999999995,5,11534
902,2500.1499999999996,8,11542
1669,2490.75,8,11550
1944,2474.85,3,11553
1675,2470.25,4,11557
1947,2468.25,2,11559
340,2465.7999999999997,6,11565
29,2465.43,3,11568
2546,2460.2,5,11573
114,2455.8999999999996,4,11577
22,2452.6,9,11586
1566,2448.3,3,11589
2107,2447.65,4,11593
222,2433.9,1,11594
665,2432.05,5,11599
601,2429.8,7,11606
189,2427.5,8,11614
2620,2421.95,6,11620
694,2419.7999999999997,7,11627
1743,2401.1000000000004,10,11637
474,2398.8,1,11638
2232,2397.95,5,11643
1535,2394.0,1,11644
121,2393.85,3,11647
2513,2391.9,2,11649
2371,2386.7999999999997,2,11651
1609,2369.4,2,11653
1231,2366.5200000000004,4,11657
414,2366.05,5,11662
1923,2361.45,1,11663
199,2360.75,2,11665
2295,2359.75,10,11675
1091,2357.1400000000003,4,11679
2124,2355.45,10,11689
12,2353.0,7,11696
2718,2340.1000000000004,8,11704
2383,2332.1000000000004,6,11710
2744,2330.2999999999997,5,11715
2228,2328.35,6,11721
2036,2316.85,8,11729
1342,2315.6000000000004,4,11733
1504,2310.0499999999997,2,11735
985,2309.5499999999997,3,11738
1436,2304.8,6,11744
800,2297.65,7,11751
924,2297.6499999999996,5,11756
135,2285.65,9,11765
1232,2284.4500000000003,3,11768
2259,2283.6,4,11772
2086,2279.1499999999996,4,11776
1961,2266.0,5,11781
488,2264.7,10,11791
1591,2260.2999999999997,5,11796
2057,2259.4499999999994,4,11800
1321,2251.5,9,11809
2487,2247.15,5,11814
583,2246.25,1,11815
524,2246.25,3,11818
1650,2240.1,4,11822
2596,2237.9,2,11824
2203,2234.4,4,11828
2484,2234.0,4,11832
67,2231.7,2,11834
1574,2218.7999999999997,3,11837
682,2217.15,7,11844
406,2212.25,5,11849
1423,2205.1000000000004,6,11855
2151,2205.0499999999997,2,11857
2393,2192.55,9,11866
1414,2188.4999999999995,7,11873
1788,2186.35,2,11875
1781,2180.25,1,11876
434,2179.7999999999997,4,11880
1030,2169.6,4,11884
2392,2163.25,7,11891
684,2161.65,9,11900
2190,2160.35,6,11906
552,2153.25,1,11907
2063,2145.9,8,11915
2369,2141.25,6,11921
1168,2137.7999999999997,6,11927
219,2137.3999999999996,4,11931
274,2133.4,5,11936
75,2125.1,1,11937
1512,2112.35,8,11945
493,2108.2,6,11951
2238,2106.1,10,11961
129,2096.6,7,11968
791,2096.45,7,11975
97,2096.25,6,11981
748,2091.2000000000003,10,11991
382,2089.5,5,11996
247,2089.45,3,11999
768,2086.6,3,12002
725,2086.05,4,12006
668,2085.7,5,12011
2585,2077.7000000000003,1,12012
368,2061.95,10,12022
1206,2058.75,7,12029
1796,2056.65,6,12035
2687,2056.55,9,12044
1843,2056.15,3,12047
1341,2053.8499999999995,5,12052
2049,2047.95,1,12053
1122,2045.8999999999999,3,12056
334,2039.55,3,12059
2126,2038.6499999999999,5,12064
37,2037.45,2,12066
2672,2031.0,6,12072
742,2030.65,3,12075
818,2030.6499999999999,9,12084
1530,2019.6,2,12086
1906,2016.6,2,12088
1785,2014.9499999999998,2,12090
1336,2006.6499999999999,2,12092
816,2005.4999999999998,3,12095
2457,1995.45,2,12097
254,1991.0,6,12103
2572,1988.05,3,12106
1114,1985.45,2,12108
667,1978.55,2,12110
1792,1971.0500000000002,6,12116
1881,1970.6999999999998,6,12122
2755,1970.1,3,12125
120,1963.2,6,12131
2157,1957.5500000000002,2,12133
1949,1937.7499999999998,10,12143
2424,1937.6000000000001,2,12145
1864,1937.25,9,12154
1433,1931.8,6,12160
1534,1924.1499999999996,10,12170
2681,1916.6,1,12171
2605,1914.75,5,12176
842,1913.4299999999998,6,12182
1649,1912.39,4,12186
1991,1907.95,4,12190
213,1906.7,9,12199
1349,1895.25,4,12203
10,1893.3499999999997,9,12212
2307,1893.3000000000002,8,12220
1510,1881.8999999999999,1,12221
49,1878.4499999999998,4,12225
2286,1869.7499999999998,5,12230
1910,1856.8999999999999,1,12231
900,1853.2000000000003,4,12235
980,1850.1999999999998,3,12238
236,1837.7,5,12243
2465,1837.5,3,12246
1658,1827.2,4,12250
1926,1818.4499999999998,6,12256
1448,1817.1999999999998,9,12265
2161,1816.25,3,12268
1254,1814.21,8,12276
1316,1814.1999999999998,5,12281
843,1807.4999999999998,5,12286
1117,1805.35,6,12292
1426,1801.1,2,12294
798,1799.25,6,12300
2201,1798.9499999999998,6,12306
1084,1797.0,2,12308
2508,1794.3500000000001,2,12310
785,1790.55,2,12312
2352,1790.1,4,12316
251,1781.05,3,12319
1178,1780.65,2,12321
2139,1770.75,2,12323
2750,1765.7500000000002,2,12325
1126,1764.6,1,12326
443,1757.8000000000002,3,12329
880,1748.25,2,12331
1916,1746.75,4,12335
2129,1743.4,8,12343
2170,1739.45,10,12353
1181,1739.3500000000001,10,12363
1821,1737.1,3,12366
2654,1737.1,4,12370
297,1735.6,7,12377
1333,1723.1999999999998,1,12378
2293,1713.4500000000003,5,12383
2218,1709.3999999999999,6,12389
61,1698.3500000000001,7,12396
873,1686.75,1,12397
353,1682.7,2,12399
2042,1678.6000000000001,7,12406
2353,1678.2,3,12409
307,1676.0,5,12414
981,1671.77,6,12420
1328,1671.2,9,12429
1288,1668.75,6,12435
788,1665.85,3,12438
2547,1665.4,5,12443
615,1665.25,5,12448
1814,1656.1,7,12455
749,1655.2,6,12461
2528,1654.55,5,12466
1066,1654.2,8,12474
1315,1647.25,1,12475
1565,1647.25,1,12476
2313,1635.8999999999999,3,12479
2287,1634.25,5,12484
1392,1630.6000000000001,6,12490
1568,1622.7000000000003,10,12500
1693,1617.2500000000002,5,12505
1281,1614.19,4,12509
2407,1606.5,2,12511
1491,1599.2,2,12513
1569,1598.0,1,12514
326,1596.88,6,12520
2451,1592.95,6,12526
1655,1588.8899999999999,4,12530
2132,1582.95,2,12532
392,1582.05,4,12536
2402,1579.6,4,12540
563,1577.5,7,12547
2581,1575.1,7,12554
1213,1566.15,3,12557
168,1562.3000000000002,4,12561
2227,1561.42,5,12566
833,1557.45,5,12571
882,1557.3999999999999,1,12572
2241,1554.2,8,12580
1502,1548.45,1,12581
781,1548.45,3,12584
1928,1547.3999999999999,6,12590
2054,1546.17,7,12597
747,1540.4,4,12601
1885,1536.7,4,12605
1129,1535.7,5,12610
2040,1531.05,2,12612
1199,1531.05,2,12614
427,1528.8500000000001,3,12617
1972,1526.4,1,12618
1733,1524.3000000000002,3,12621
475,1514.0500000000002,4,12625
1927,1510.0,4,12629
2226,1509.0,6,12635
540,1501.8999999999999,5,12640
1311,1500.85,2,12642
485,1500.35,7,12649
2474,1487.44,10,12659
1839,1486.05,8,12667
1323,1483.4499999999998,4,12671
2675,1478.65,7,12678
1358,1478.15,2,12680
992,1477.99,7,12687
1890,1476.2999999999997,4,12691
34,1468.7999999999997,9,12700
936,1467.55,2,12702
2204,1467.55,2,12704
458,1463.1,6,12710
112,1457.15,5,12715
1077,1456.2,3,12718
412,1454.4499999999998,6,12724
2729,1447.8999999999999,6,12730
528,1445.6499999999999,4,12734
869,1445.0,5,12739
2516,1438.8000000000002,4,12743
1715,1436.3999999999999,3,12746
2714,1432.1,4,12750
492,1428.35,4,12754
2116,1425.15,4,12758
172,1421.3999999999999,6,12764
1528,1421.1,3,12767
973,1419.55,3,12770
435,1419.0500000000002,4,12774
1216,1418.2,5,12779
98,1412.9,8,12787
2617,1407.15,1,12788
1106,1405.2,2,12790
11,1402.7,8,12798
2012,1399.3,3,12801
2358,1399.0499999999997,4,12805
1139,1398.25,1,12806
1382,1396.65,4,12810
659,1390.5000000000002,6,12816
228,1388.9,3,12819
79,1388.1999999999998,2,12821
175,1385.0,7,12828
1934,1383.3,5,12833
1896,1382.4,10,12843
2552,1382.15,4,12847
722,1382.1499999999999,2,12849
1987,1377.7,2,12851
205,1377.2,8,12859
283,1366.3500000000001,7,12866
1920,1358.9399999999998,6,12872
2476,1356.35,6,12878
855,1353.6,8,12886
997,1353.1999999999998,3,12889
2766,1353.1499999999999,7,12896
723,1349.89,7,12903
1003,1349.55,1,12904
337,1347.95,5,12909
2288,1345.0,4,12913
600,1339.6,2,12915
2022,1335.1499999999999,5,12920
1873,1325.7,8,12928
1176,1323.45,2,12930
646,1319.1000000000001,8,12938
758,1317.9599999999998,8,12946
662,1317.3600000000001,3,12949
2311,1316.7,2,12951
2480,1314.05,3,12954
1523,1313.05,4,12958
780,1310.9499999999998,5,12963
1611,1309.3,3,12966
1015,1302.3,4,12970
574,1300.95,4,12974
1977,1297.5,1,12975
1326,1288.4099999999999,7,12982
789,1287.85,1,12983
1767,1278.4,2,12985
2002,1271.55,1,12986
678,1269.8,4,12990
949,1269.0500000000002,6,12996
1267,1267.65,5,13001
2475,1261.7,5,13006
2395,1260.05,3,13009
1147,1257.8999999999999,1,13010
602,1253.7,3,13013
1898,1252.35,7,13020
967,1242.0,5,13025
894,1241.39,5,13030
1548,1240.95,6,13036
564,1240.2,4,13040
258,1213.8999999999999,1,13041
2118,1213.25,7,13048
2703,1209.95,4,13052
2021,1209.1499999999999,3,13055
1597,1207.8500000000001,2,13057
974,1202.6499999999999,1,13058
1506,1198.8000000000002,1,13059
2635,1197.6499999999999,7,13066
776,1194.75,7,13073
558,1193.3999999999999,2,13075
2573,1191.9,6,13081
1924,1187.5400000000002,7,13088
1607,1171.0,3,13091
1825,1155.75,3,13094
461,1141.8,4,13098
1984,1141.1,5,13103
1286,1139.05,7,13110
1643,1138.5,2,13112
109,1137.1499999999999,5,13117
2740,1137.1499999999999,1,13118
1185,1130.4399999999998,3,13121
591,1124.7,4,13125
608,1119.4399999999998,2,13127
2591,1110.0,8,13135
864,1106.75,4,13139
2251,1103.3,8,13147
2075,1102.65,4,13151
1160,1101.85,2,13153
1498,1098.15,2,13155
1782,1094.6000000000001,3,13158
2168,1091.15,4,13162
521,1088.8,3,13165
536,1086.35,4,13169
1039,1079.5,5,13174
859,1078.65,2,13176
257,1068.6499999999999,1,13177
2454,1065.15,8,13185
225,1063.95,1,13186
603,1063.95,1,13187
2450,1058.0,2,13189
2719,1057.1000000000001,6,13195
2709,1056.95,2,13197
888,1055.0500000000002,7,13204
1872,1047.9,1,13205
215,1039.3500000000001,3,13208
495,1039.3,5,13213
281,1038.0,6,13219
1757,1027.65,7,13226
1040,1025.55,5,13231
1120,1024.85,2,13233
1895,1023.75,2,13235
1795,1023.7,4,13239
2345,1017.4499999999999,4,13243
107,1017.0,7,13250
1960,1010.6,9,13259
2730,1005.75,3,13262
2752,1000.15,9,13271
1472,997.95,4,13275
807,997.5,3,13278
375,997.5,2,13280
1831,997.5,2,13282
1777,985.05,4,13286
1644,984.05,7,13293
2309,976.8499999999999,5,13298
345,972.25,9,13307
852,971.25,1,13308
1075,965.5999999999999,5,13313
351,964.1999999999999,9,13322
2648,958.9,2,13324
2020,958.8000000000001,1,13325
1937,958.0,5,13330
1092,951.4999999999999,7,13337
515,951.3499999999999,5,13342
1819,939.7499999999999,3,13345
2622,938.9000000000002,8,13353
211,933.8,6,13359
2486,933.4,1,13360
2554,932.4,3,13363
2677,918.85,1,13364
2182,915.4499999999999,1,13365
87,914.25,7,13372
1827,908.6,7,13379
1862,902.3,4,13383
1673,899.25,9,13392
957,898.5,3,13395
857,898.5,1,13396
203,896.25,8,13404
2197,891.75,3,13407
1310,889.8,4,13411
499,888.35,2,13413
1368,877.8,3,13416
1570,876.0,1,13417
2073,874.5,10,13427
1402,874.4,5,13432
547,868.5500000000001,8,13440
829,857.85,2,13442
821,854.7,4,13446
1849,845.3499999999999,3,13449
1786,844.35,1,13450
2041,838.95,5,13455
545,833.0,4,13459
2715,832.1499999999999,7,13466
2108,829.0000000000001,4,13470
214,826.05,8,13478
1921,822.05,3,13481
1933,819.5,4,13485
2150,819.4,3,13488
1339,812.6500000000001,4,13492
2044,811.3,4,13496
1475,804.4499999999999,3,13499
2713,802.9,1,13500
717,799.25,3,13503
914,799.2,2,13505
7,799.2,1,13506
166,798.9,6,13512
539,790.5,5,13517
674,789.0,5,13522
179,786.0999999999999,7,13529
425,784.2,3,13532
1999,783.2499999999999,4,13536
378,779.0000000000001,5,13541
856,778.71,7,13548
1705,769.9000000000001,6,13554
217,765.6500000000001,5,13559
481,765.5999999999999,1,13560
1439,759.23,8,13568
1018,758.1,5,13573
1851,758.1,2,13575
2553,756.95,4,13579
2202,756.65,6,13585
1067,735.9499999999999,1,13586
945,734.0,7,13593
122,733.6999999999999,4,13597
1088,732.05,5,13602
1638,731.4,7,13609
1758,718.1999999999999,2,13611
2274,716.6,5,13616
2291,714.55,3,13619
284,711.9000000000001,8,13627
543,711.4499999999999,2,13629
1150,707.0500000000001,1,13630
1642,699.65,1,13631
2497,699.6,4,13635
2463,699.4,7,13642
2651,696.9,5,13647
1532,692.35,2,13649
2372,691.65,2,13651
1023,686.55,1,13652
1978,679.1500000000001,4,13656
1689,679.1500000000001,1,13657
1899,679.0,4,13661
698,674.25,3,13664
1517,666.25,4,13668
2477,658.9,3,13671
1131,658.5,4,13675
201,658.15,3,13678
734,656.5500000000001,7,13685
1265,653.95,4,13689
1483,653.9499999999999,2,13691
1540,639.2,3,13694
1841,638.0,1,13695
2732,636.8,3,13698
1692,619.65,1,13699
1563,618.4499999999999,2,13701
2686,616.8,7,13708
1776,616.65,2,13710
330,612.85,2,13712
2119,608.65,4,13716
2704,605.95,2,13718
1955,598.85,4,13722
322,598.55,7,13729
866,598.5,4,13733
300,596.85,1,13734
2351,593.0,5,13739
1416,585.0899999999999,8,13747
462,584.8,6,13753
1049,583.1,1,13754
912,582.75,3,13757
2221,580.75,6,13763
2027,579.35,2,13765
2448,575.05,3,13768
5,574.5500000000001,5,13773
2198,570.9,10,13783
1372,569.05,1,13784
2696,566.85,6,13790
2368,564.1,5,13795
611,563.8499999999999,4,13799
986,559.65,8,13807
506,559.3000000000001,1,13808
1008,559.0500000000001,3,13811
1956,558.5,3,13814
1711,556.5,7,13821
20,556.3000000000001,5,13826
1174,553.8000000000001,7,13833
1257,549.45,3,13836
1249,549.45,1,13837
2775,548.65,2,13839
1891,539.5500000000001,2,13841
395,539.1,2,13843
1564,538.95,3,13846
377,538.65,1,13847
551,532.9499999999999,7,13854
159,532.9,7,13861
376,527.85,4,13865
1201,527.65,4,13869
480,524.85,5,13874
2657,520.55,1,13875
729,519.35,2,13877
2329,509.85,6,13883
202,503.25,3,13886
942,498.69999999999993,5,13891
946,494.45,1,13892
998,494.45,1,13893
1138,493.05,1,13894
233,491.09999999999997,3,13897
1663,484.65,3,13900
2459,484.2,9,13909
1670,481.95,3,13912
136,479.40000000000003,3,13915
700,479.2,3,13918
71,479.2,3,13921
645,474.05,5,13926
1500,467.65,2,13928
1307,467.09999999999997,2,13930
835,466.7,4,13934
1034,466.1,2,13936
1298,462.54999999999995,2,13938
2520,460.95000000000005,5,13943
1371,459.0,5,13948
910,458.84999999999997,3,13951
2599,457.35,3,13954
648,453.15000000000003,6,13960
836,452.2,5,13965
1130,449.25,3,13968
523,447.74999999999994,4,13972
1081,447.74999999999994,2,13974
2685,447.0,1,13975
917,446.34,4,13979
2024,442.09999999999997,3,13982
2642,440.29999999999995,2,13984
1621,438.9,3,13987
241,437.99999999999994,5,13992
2588,436.8999999999999,4,13996
2422,435.55,5,14001
1284,428.40000000000003,2,14003
1628,424.95,4,14007
385,420.79999999999995,4,14011
1533,419.85999999999996,3,14014
3,419.45,6,14020
1465,419.3,1,14021
1225,419.3,2,14023
381,419.3,3,14026
837,418.95,3,14029
1163,414.7,2,14031
244,413.65,10,14041
876,412.84999999999997,8,14049
1680,405.45,2,14051
979,402.6,3,14054
93,401.24999999999994,9,14063
2016,399.90000000000003,7,14070
1824,399.5,1,14071
2361,399.5,1,14072
1622,398.45,9,14081
537,395.2,3,14084
1681,393.25,6,14090
1620,393.20000000000005,6,14096
644,389.25,2,14098
2669,388.04999999999995,1,14099
1004,386.7999999999999,6,14105
2416,384.4,5,14110
147,379.34999999999997,4,14114
1345,371.45,3,14117
2517,367.04999999999995,7,14124
531,365.29999999999995,3,14127
275,359.55,2,14129
1364,359.09999999999997,3,14132
2725,351.4,4,14136
930,349.65000000000003,3,14139
1197,349.65000000000003,2,14141
1329,349.65,2,14143
1269,342.49999999999994,8,14151
2023,334.45,5,14156
1549,331.09999999999997,6,14162
1112,328.34999999999997,1,14163
767,321.3,5,14168
15,319.8,3,14171
472,309.50000000000006,3,14174
171,299.75,4,14178
2081,299.65,4,14182
1025,299.5,1,14183
1859,299.5,1,14184
1687,299.5,2,14186
1026,295.19,3,14189
2052,292.3,2,14191
2468,290.45,4,14195
2485,287.2,1,14196
128,285.45,4,14200
2479,285.15,3,14203
744,279.65000000000003,1,14204
92,279.65000000000003,4,14208
285,279.65000000000003,8,14216
14,272.55,4,14220
2267,271.95,2,14222
596,271.15,7,14229
95,270.8,2,14231
420,269.55,7,14238
571,269.55,2,14240
1334,269.55,4,14244
331,269.55,1,14245
1536,269.25,1,14246
170,269.25,1,14247
1941,265.84,7,14254
2542,262.35,2,14256
1694,261.45,4,14260
1394,259.5,1,14261
195,259.5,2,14263
2469,259.5,1,14264
1324,259.34999999999997,2,14266
1068,259.34999999999997,2,14268
686,259.0,3,14271
2757,252.54999999999998,7,14278
2580,246.04999999999998,1,14279
1165,244.9,1,14280
1204,244.7,6,14286
2460,241.25,2,14288
383,239.39999999999998,1,14289
2230,237.45,4,14293
1229,233.54999999999998,3,14296
1567,233.35,4,14300
463,229.45,3,14303
1616,229.4,5,14308
204,228.79999999999998,7,14315
1684,223.29999999999998,1,14316
188,221.39999999999998,10,14326
1363,219.70000000000002,2,14328
1435,219.45,8,14336
1907,219.45,3,14339
1745,215.39999999999998,3,14342
1241,215.39999999999998,5,14347
262,209.65,5,14352
2308,209.65,3,14355
2645,209.45,7,14362
2633,207.6,4,14366
944,207.35,6,14372
2146,207.35,3,14375
396,207.35,2,14377
2018,207.35,2,14379
373,199.0,1,14380
157,198.9,7,14387
1480,197.45,1,14388
1630,191.39999999999998,2,14390
218,190.8,4,14394
1996,189.75000000000003,3,14397
989,189.7,5,14402
2602,182.85,1,14403
102,181.65,1,14404
863,181.65,1,14405
2747,181.65,3,14408
1354,181.65,6,14414
2047,181.29999999999998,4,14418
1618,179.85000000000002,1,14419
2140,179.85000000000002,5,14424
471,179.7,1,14425
187,175.45,2,14427
116,169.14999999999998,7,14434
899,161.54999999999998,3,14437
70,159.8,1,14438
2111,159.8,4,14442
870,159.6,2,14444
1396,159.6,4,14448
2244,159.6,4,14452
500,159.0,2,14454
2277,155.7,2,14456
964,155.7,1,14457
402,149.75,7,14464
343,143.54999999999998,3,14467
1581,142.82999999999998,6,14473
2055,129.5,2,14475
832,127.6,3,14478
1366,127.52,2,14480
1037,125.7,7,14487
1101,119.85000000000001,2,14489
972,119.85000000000001,4,14493
1047,119.85000000000001,1,14494
988,119.8,4,14498
363,119.8,3,14501
688,119.69999999999999,2,14503
1816,119.69999999999999,1,14504
398,119.69999999999999,2,14506
2332,119.0,1,14507
804,119.0,1,14508
2653,115.80000000000001,2,14510
721,115.80000000000001,6,14516
1424,113.75,3,14519
232,111.64999999999999,5,14524
516,107.69999999999999,2,14526
1542,107.69999999999999,2,14528
1727,103.6,3,14531
2125,103.6,1,14532
1993,103.35000000000001,4,14536
1667,102.8,2,14538
732,99.9,4,14542
2363,99.9,3,14545
58,99.8,5,14550
2589,99.75,3,14553
699,95.69999999999999,3,14556
2326,91.8,4,14560
817,89.75,1,14561
2247,89.55,4,14565
1930,85.8,3,14568
1615,79.9,9,14577
317,79.9,3,14580
140,79.8,1,14581
808,79.8,4,14585
40,75.05,1,14586
534,71.9,1,14587
1253,69.64999999999999,2,14589
960,63.8,2,14591
2408,63.8,1,14592
2323,63.6,4,14596
1415,59.94,1,14597
57,59.9,3,14600
2711,59.9,3,14603
448,59.9,3,14606
2219,59.849999999999994,5,14611
599,58.8,3,14614
2283,55.65,2,14616
636,55.65,1,14617
1154,55.65,2,14619
2435,55.65,1,14620
1486,54.45,1,14621
1811,53.849999999999994,10,14631
1397,53.849999999999994,2,14633
2428,51.9,1,14634
1332,51.9,4,14638
2328,49.95,7,14645
360,49.95,3,14648
592,49.95,1,14649
1970,49.95,4,14653
2242,47.7,5,14658
2627,45.95,3,14661
1196,45.9,1,14662
2576,42.9,3,14665
803,39.95,6,14671
2007,39.9,1,14672
1662,39.9,1,14673
1974,39.9,2,14675
1042,39.9,4,14679
2587,39.8,6,14685
2270,39.75,3,14688
295,38.849999999999994,3,14691
2258,35.9,2,14693
2767,31.9,1,14694
72,31.9,1,14695
2225,29.95,7,14702
2413,29.95,1,14703
1466,29.95,3,14706
1301,29.95,1,14707
1202,29.94,1,14708
2494,29.9,3,14711
1748,29.849999999999998,3,14714
1278,25.95,1,14715
2502,25.95,1,14716
1102,25.9,4,14720
1259,23.9,2,14722
2437,23.85,3,14725
2455,22.9,8,14733
783,19.98,1,14734
2399,19.98,2,14736
1741,19.95,3,14739
113,19.95,7,14746
940,19.95,5,14751
1272,19.95,1,14752
691,19.95,2,14754
908,19.95,1,14755
2688,19.9,3,14758
2551,15.95,3,14761
1312,15.95,5,14766
1976,12.95,3,14769
1226,12.95,2,14771
1587,11.9,2,14773
2080,10.95,4,14777
1020,7.95,2,14779
2381,7.95,2,14781
1770,7.95,4,14785
45,6.95,3,14788
1497,4.95,3,14791
298,3.95,2,14793
126,0.0,3,14796
124,0.0,2,14798
561,0.0,2,14800
567,0.0,2,14802
1162,0.0,1,14803
479,0.0,2,14805
2280,0.0,1,14806
2436,0.0,1,14807
607,0.0,2,14809
1842,0.0,2,14811
483,0.0,6,14817
1752,0.0,2,14819
2337,0.0,2,14821
2406,0.0,1,14822
2761,0.0,1,14823
391,0.0,3,14826
578,0.0,1,14827
2105,0.0,2,14829
2172,0.0,3,14832
2121,0.0,1,14833
2213,0.0,3,14836
1343,0.0,1,14837
2496,0.0,2,14839
2568,0.0,1,14840
1290,0.0,1,14841
538,0.0,2,14843
1889,0.0,5,14848
672,0.0,5,14853
527,0.0,1,14854
